#Image: triangle
#
#Iteration           	Opt. Energy         	Elastica MDCA       	Perimeter           	Unlabeled           	Area                	Perimeter^2/Area    	Elastica II         	
0                   	-1.000000           	10.002135           	102.750476          	1748920640.000000   	519.687500          	20.315402           	3.009646            		
1                   	-27.888328          	12.968133           	100.823252          	0.000000            	520.312500          	19.536967           	2.694784            		
2                   	-25.328919          	14.083051           	98.588667           	0.000000            	520.187500          	18.685042           	2.370679            		
3                   	-27.778044          	8.720224            	96.208455           	0.000000            	520.437500          	17.785165           	1.989710            		
4                   	-30.665143          	8.157442            	94.811677           	0.000000            	521.437500          	17.239370           	1.767917            		
5                   	-29.824986          	9.403586            	93.399842           	0.000000            	521.625000          	16.723758           	1.610186            		
6                   	-39.279508          	4.519672            	92.322391           	0.000000            	521.250000          	16.351892           	1.483324            		
7                   	-38.098237          	5.624149            	91.296192           	0.000000            	520.500000          	16.013438           	1.390941            		
8                   	-40.825240          	2.078625            	90.434618           	0.000000            	519.875000          	15.731513           	1.310553            		
9                   	-40.517136          	1.823251            	89.576162           	0.000000            	519.062500          	15.458425           	1.237505            		
10                  	-41.647745          	2.187292            	88.724058           	0.000000            	517.250000          	15.218866           	1.174862            		
11                  	-40.876772          	1.324984            	87.859089           	0.000000            	515.500000          	14.974238           	1.117229            		
12                  	-42.418339          	4.721448            	87.237202           	0.000000            	513.625000          	14.816898           	1.080760            		
13                  	-49.216725          	5.303076            	86.689704           	0.000000            	511.687500          	14.686903           	1.046487            		
14                  	-51.949490          	1.121544            	85.942696           	0.000000            	510.187500          	14.477319           	0.991934            		
15                  	-54.124697          	4.824622            	85.496281           	0.000000            	507.312500          	14.408504           	0.966363            		
16                  	-50.932254          	1.004330            	84.781937           	0.000000            	504.687500          	14.242431           	0.939459            		
17                  	-45.668987          	8.365117            	84.423576           	0.000000            	501.250000          	14.219133           	0.932042            		
18                  	-55.245105          	1.060146            	83.641330           	0.000000            	497.937500          	14.049699           	0.889605            		
19                  	-56.473596          	0.863632            	83.000111           	0.000000            	494.312500          	13.936565           	0.867736            		
20                  	-52.523547          	7.360847            	82.553261           	0.000000            	490.187500          	13.902927           	0.858928            		
21                  	-53.099500          	1.329607            	81.930686           	0.000000            	487.062500          	13.781881           	0.836280            		
22                  	-46.965450          	3.137687            	81.660719           	0.000000            	484.125000          	13.774279           	0.843639            		
23                  	-59.724569          	3.484618            	81.217970           	0.000000            	482.437500          	13.672981           	0.828565            		
24                  	-54.455125          	1.230607            	80.689927           	0.000000            	478.812500          	13.597942           	0.804916            		
25                  	-48.846163          	7.704542            	80.266158           	0.000000            	474.812500          	13.568843           	0.805042            		
26                  	-44.939139          	0.902168            	79.697501           	0.000000            	471.750000          	13.464105           	0.778931            		
27                  	-47.309050          	15.206042           	79.594697           	0.000000            	469.062500          	13.506336           	0.788099            		
28                  	-50.628281          	1.292383            	78.893345           	0.000000            	466.125000          	13.352985           	0.757278            		
29                  	-44.256183          	1.150503            	78.415099           	0.000000            	462.812500          	13.286002           	0.748018            		
30                  	-52.885055          	4.913920            	78.195629           	0.000000            	459.687500          	13.301550           	0.764142            		
31                  	-51.334961          	8.457159            	77.952869           	0.000000            	457.250000          	13.289557           	0.757782            		
32                  	-50.300688          	0.795107            	77.452488           	0.000000            	455.187500          	13.178938           	0.729779            		
33                  	-43.402382          	6.571587            	77.057168           	0.000000            	451.500000          	13.151289           	0.725345            		
34                  	-45.273833          	3.828750            	76.659388           	0.000000            	448.000000          	13.117549           	0.718849            		
35                  	-44.977897          	2.550718            	76.283735           	0.000000            	444.750000          	13.084223           	0.707224            		
36                  	-46.448143          	10.239855           	76.222132           	0.000000            	442.437500          	13.131377           	0.725550            		
37                  	-51.200326          	0.788918            	75.753222           	0.000000            	441.187500          	13.007056           	0.704193            		
38                  	-43.873435          	7.187724            	75.557269           	0.000000            	438.187500          	13.028443           	0.704983            		
39                  	-45.006531          	8.131559            	75.224768           	0.000000            	435.875000          	12.982543           	0.696260            		
40                  	-44.195455          	4.782244            	74.922207           	0.000000            	433.187500          	12.958216           	0.688008            		
41                  	-50.012682          	1.230272            	74.483857           	0.000000            	430.625000          	12.883239           	0.678591            		
42                  	-47.082175          	6.053318            	74.398311           	0.000000            	428.062500          	12.930609           	0.692331            		
43                  	-51.307665          	6.118764            	74.202672           	0.000000            	426.312500          	12.915494           	0.684354            		
44                  	-45.564347          	0.900714            	73.772373           	0.000000            	424.687500          	12.814983           	0.664031            		
45                  	-48.512892          	1.397266            	73.575539           	0.000000            	422.312500          	12.818375           	0.674402            		
46                  	-45.186394          	7.382600            	73.400976           	0.000000            	419.500000          	12.843154           	0.671376            		
47                  	-49.460739          	1.119719            	73.181777           	0.000000            	418.437500          	12.798978           	0.666701            		
48                  	-49.420945          	4.197667            	73.027402           	0.000000            	416.437500          	12.806247           	0.664476            		
49                  	-38.602314          	8.256627            	72.962883           	0.000000            	413.562500          	12.872498           	0.672631            		
50                  	-45.241597          	7.612254            	72.617982           	0.000000            	411.812500          	12.805273           	0.666681            		
51                  	-47.929572          	4.172999            	72.261930           	0.000000            	410.125000          	12.732183           	0.655737            		
52                  	-46.126708          	1.969848            	71.960359           	0.000000            	407.500000          	12.707468           	0.654341            		
53                  	-45.634250          	3.918601            	72.005253           	0.000000            	405.500000          	12.786083           	0.660382            		
54                  	-50.665519          	2.588274            	71.598378           	0.000000            	403.687500          	12.698753           	0.649249            		
55                  	-44.330404          	10.053632           	71.764753           	0.000000            	402.375000          	12.799453           	0.670436            		
56                  	-55.394098          	2.455390            	71.332597           	0.000000            	401.312500          	12.679245           	0.648527            		
57                  	-41.291625          	4.334674            	71.117066           	0.000000            	398.875000          	12.679754           	0.641447            		
58                  	-43.506438          	9.993243            	71.054258           	0.000000            	397.187500          	12.711144           	0.655917            		
59                  	-43.909323          	4.528247            	70.785798           	0.000000            	395.562500          	12.667099           	0.645519            		
60                  	-48.243087          	3.786777            	70.584462           	0.000000            	393.875000          	12.649105           	0.642426            		
61                  	-46.146945          	4.522566            	70.429398           	0.000000            	391.625000          	12.665943           	0.645421            		
62                  	-49.799357          	1.468297            	70.197974           	0.000000            	389.812500          	12.641348           	0.638441            		
63                  	-45.074566          	6.011173            	70.098623           	0.000000            	387.687500          	12.674685           	0.644514            		
64                  	-40.076132          	6.428779            	69.845320           	0.000000            	386.000000          	12.638261           	0.644951            		
65                  	-45.213884          	6.769943            	69.753306           	0.000000            	384.375000          	12.658273           	0.646342            		
66                  	-43.936368          	4.276530            	69.518378           	0.000000            	382.875000          	12.622409           	0.636165            		
67                  	-39.284104          	7.974306            	69.391732           	0.000000            	380.312500          	12.661199           	0.648169            		
68                  	-39.702255          	3.147027            	69.208258           	0.000000            	379.312500          	12.627538           	0.635876            		
69                  	-41.690993          	4.798023            	68.944906           	0.000000            	377.437500          	12.593873           	0.642159            		
70                  	-44.797857          	7.444240            	68.900891           	0.000000            	376.000000          	12.625885           	0.644950            		
71                  	-40.914973          	2.426649            	68.660532           	0.000000            	374.062500          	12.602890           	0.647024            		
72                  	-39.480582          	6.759552            	68.657242           	0.000000            	373.062500          	12.635462           	0.645043            		
73                  	-47.919079          	0.831829            	68.333131           	0.000000            	371.312500          	12.575437           	0.640044            		
74                  	-45.430739          	10.571483           	68.680824           	0.000000            	370.562500          	12.729447           	0.661241            		
75                  	-54.301212          	5.226787            	68.270536           	0.000000            	369.125000          	12.626796           	0.656391            		
76                  	-40.178666          	5.052591            	68.157400           	0.000000            	366.937500          	12.660007           	0.657545            		
77                  	-40.070046          	6.354666            	67.967817           	0.000000            	366.500000          	12.604704           	0.651223            		
78                  	-45.378079          	6.397570            	67.786325           	0.000000            	364.812500          	12.595473           	0.646699            		
79                  	-44.189002          	6.826229            	67.498635           	0.000000            	362.062500          	12.583644           	0.653195            		
80                  	-37.256831          	8.074643            	67.438203           	0.000000            	360.437500          	12.617753           	0.659930            		
81                  	-47.050625          	5.526654            	67.303126           	0.000000            	359.625000          	12.595650           	0.661527            		
82                  	-43.169529          	1.901534            	67.075093           	0.000000            	358.312500          	12.556269           	0.654231            		
83                  	-44.233513          	3.231531            	66.994256           	0.000000            	357.000000          	12.572074           	0.651708            		
84                  	-43.006003          	5.014868            	66.937128           	0.000000            	355.437500          	12.605814           	0.653487            		
85                  	-42.501598          	3.794006            	66.773444           	0.000000            	354.000000          	12.595177           	0.661455            		
86                  	-42.394210          	4.500430            	66.631606           	0.000000            	351.875000          	12.617466           	0.662565            		
87                  	-39.035737          	5.340340            	66.522099           	0.000000            	349.875000          	12.647916           	0.665799            		
88                  	-40.977319          	2.584553            	66.280327           	0.000000            	348.750000          	12.596650           	0.667026            		
89                  	-38.718456          	10.207366           	66.315290           	0.000000            	347.187500          	12.666694           	0.678347            		
90                  	-40.822939          	13.515654           	66.111711           	0.000000            	345.812500          	12.639099           	0.663310            		
91                  	-38.142867          	2.736754            	65.831103           	0.000000            	344.125000          	12.593488           	0.658275            		
92                  	-38.477398          	9.234959            	65.733788           	0.000000            	342.687500          	12.608954           	0.672509            		
93                  	-47.337685          	1.417470            	65.594070           	0.000000            	341.812500          	12.587550           	0.665531            		
94                  	-41.653695          	5.629786            	65.383622           	0.000000            	339.562500          	12.589783           	0.680888            		
95                  	-38.163323          	10.540046           	65.395597           	0.000000            	337.000000          	12.690161           	0.680680            		
96                  	-38.987409          	0.880005            	64.883548           	0.000000            	334.625000          	12.580874           	0.662781            		
97                  	-33.301204          	7.984485            	64.884549           	0.000000            	333.125000          	12.637913           	0.676105            		
98                  	-40.274089          	4.783190            	64.626952           	0.000000            	331.500000          	12.599224           	0.679132            		
99                  	-40.194934          	6.099373            	64.511847           	0.000000            	329.562500          	12.628192           	0.681684            		
100                 	-36.327253          	7.790336            	64.267533           	0.000000            	327.750000          	12.602031           	0.685328            		
101                 	-38.757614          	1.527162            	63.933301           	0.000000            	325.812500          	12.545458           	0.684152            		
102                 	-38.198176          	3.322794            	63.836569           	0.000000            	323.187500          	12.609112           	0.691453            		
103                 	-38.340742          	7.570357            	63.790941           	0.000000            	321.750000          	12.647348           	0.696038            		
104                 	-41.004007          	2.742065            	63.485110           	0.000000            	320.375000          	12.580130           	0.685771            		
105                 	-36.076648          	8.783605            	63.445274           	0.000000            	318.562500          	12.635834           	0.699892            		
106                 	-36.827202          	2.198104            	63.156952           	0.000000            	316.562500          	12.600357           	0.695811            		
107                 	-36.774345          	4.496724            	62.876516           	0.000000            	314.062500          	12.588119           	0.690400            		
108                 	-37.164328          	6.728634            	62.798226           	0.000000            	312.000000          	12.639799           	0.706415            		
109                 	-37.891689          	7.222510            	62.668372           	0.000000            	310.187500          	12.661132           	0.706128            		
110                 	-37.345547          	6.300022            	62.554844           	0.000000            	308.500000          	12.684306           	0.708060            		
111                 	-35.812300          	4.618370            	62.152569           	0.000000            	306.312500          	12.611114           	0.708437            		
112                 	-35.708779          	2.039188            	61.960222           	0.000000            	304.687500          	12.600022           	0.700035            		
113                 	-34.067191          	3.625247            	61.700097           	0.000000            	302.375000          	12.590002           	0.703425            		
114                 	-32.064931          	4.042463            	61.454691           	0.000000            	300.875000          	12.552319           	0.702436            		
115                 	-32.800541          	3.101929            	61.362274           	0.000000            	298.437500          	12.616808           	0.711522            		
116                 	-37.004250          	6.025643            	61.033929           	0.000000            	295.812500          	12.592911           	0.715741            		
117                 	-37.219370          	6.006542            	60.855129           	0.000000            	293.812500          	12.604456           	0.723706            		
118                 	-34.146135          	3.018342            	60.541372           	0.000000            	292.000000          	12.552253           	0.715598            		
119                 	-37.702119          	9.662489            	60.496247           	0.000000            	289.500000          	12.641782           	0.738582            		
120                 	-34.356965          	4.333218            	60.375921           	0.000000            	287.937500          	12.659872           	0.733653            		
121                 	-38.795882          	6.114148            	60.114088           	0.000000            	286.312500          	12.621536           	0.735389            		
122                 	-35.375329          	3.732228            	59.957937           	0.000000            	284.500000          	12.636043           	0.725389            		
123                 	-34.607651          	5.770172            	59.635465           	0.000000            	281.812500          	12.619698           	0.739802            		
124                 	-35.742831          	9.700185            	59.359404           	0.000000            	279.500000          	12.606579           	0.740004            		
125                 	-31.644472          	5.174748            	59.125216           	0.000000            	277.375000          	12.603123           	0.738634            		
126                 	-33.739399          	7.260972            	59.086508           	0.000000            	275.125000          	12.689561           	0.747278            		
127                 	-32.150469          	6.412797            	58.631956           	0.000000            	272.000000          	12.638626           	0.760909            		
128                 	-34.406670          	9.859931            	58.391937           	0.000000            	269.625000          	12.645779           	0.758942            		
129                 	-31.632290          	2.002690            	57.944604           	0.000000            	267.312500          	12.560494           	0.741874            		
130                 	-31.981953          	5.804744            	57.643839           	0.000000            	264.687500          	12.553718           	0.745262            		
131                 	-27.204247          	6.080222            	57.471919           	0.000000            	261.687500          	12.622007           	0.766404            		
132                 	-30.284785          	6.219306            	57.168409           	0.000000            	259.500000          	12.594324           	0.771946            		
133                 	-39.044959          	3.054937            	56.882145           	0.000000            	257.562500          	12.562304           	0.760699            		
134                 	-33.692889          	4.534555            	56.597054           	0.000000            	254.750000          	12.574000           	0.772507            		
135                 	-27.400159          	3.538943            	56.262157           	0.000000            	251.937500          	12.564348           	0.769079            		
136                 	-26.166568          	8.792347            	56.035675           	0.000000            	249.250000          	12.597781           	0.788900            		
137                 	-27.178634          	4.603809            	55.807003           	0.000000            	247.625000          	12.577170           	0.782313            		
138                 	-35.235082          	6.619762            	55.527513           	0.000000            	245.125000          	12.578500           	0.784571            		
139                 	-29.653918          	5.268410            	55.146897           	0.000000            	242.000000          	12.566861           	0.781764            		
140                 	-30.452351          	0.975191            	54.753642           	0.000000            	239.062500          	12.540492           	0.783955            		
141                 	-27.410301          	2.898964            	54.433683           	0.000000            	236.000000          	12.555194           	0.792705            		
142                 	-27.483853          	5.194504            	54.102578           	0.000000            	232.937500          	12.565984           	0.797665            		
143                 	-26.381708          	4.394082            	54.016295           	0.000000            	230.250000          	12.672140           	0.811114            		
144                 	-31.498408          	3.564850            	53.521329           	0.000000            	227.875000          	12.570631           	0.810254            		
145                 	-25.165961          	4.377509            	53.159296           	0.000000            	225.062500          	12.556115           	0.818112            		
146                 	-26.956431          	6.226023            	52.961207           	0.000000            	222.875000          	12.585034           	0.822086            		
147                 	-29.114132          	5.129667            	52.675993           	0.000000            	220.125000          	12.605384           	0.832742            		
148                 	-26.877059          	6.733047            	52.314921           	0.000000            	217.375000          	12.590459           	0.829824            		
149                 	-22.462327          	5.133014            	52.055680           	0.000000            	214.375000          	12.640438           	0.840124            		
150                 	-27.025752          	4.722589            	51.667134           	0.000000            	211.687500          	12.610535           	0.839470            		
151                 	-23.670969          	7.829020            	51.361613           	0.000000            	209.000000          	12.622083           	0.864662            		
152                 	-27.344860          	2.417225            	50.905311           	0.000000            	206.062500          	12.575557           	0.851239            		
153                 	-24.641336          	4.740436            	50.489180           	0.000000            	203.312500          	12.538124           	0.858117            		
154                 	-25.179440          	3.618724            	50.221310           	0.000000            	200.312500          	12.591226           	0.856843            		
155                 	-20.782523          	2.629315            	49.667624           	0.000000            	196.500000          	12.554060           	0.867089            		
156                 	-21.753246          	5.220347            	49.282663           	0.000000            	192.687500          	12.604766           	0.886397            		
157                 	-23.377385          	2.936480            	48.933368           	0.000000            	189.750000          	12.619102           	0.887052            		
158                 	-22.281467          	7.190100            	48.498254           	0.000000            	186.937500          	12.582177           	0.908594            		
159                 	-21.952235          	2.871125            	47.974151           	0.000000            	184.000000          	12.508256           	0.898295            		
160                 	-22.050311          	6.566211            	47.627690           	0.000000            	180.250000          	12.584726           	0.919770            		
161                 	-19.388857          	5.503925            	47.165345           	0.000000            	176.812500          	12.581518           	0.935227            		
162                 	-19.374780          	3.130633            	46.710355           	0.000000            	173.625000          	12.566492           	0.928224            		
163                 	-20.719211          	7.248653            	46.406193           	0.000000            	169.687500          	12.691181           	0.946399            		
164                 	-23.434121          	7.584419            	45.720836           	0.000000            	166.625000          	12.545506           	0.949169            		
165                 	-21.606691          	3.421109            	45.263670           	0.000000            	163.000000          	12.569324           	0.957903            		
166                 	-20.639492          	3.357643            	44.826880           	0.000000            	159.562500          	12.593492           	0.985268            		
167                 	-21.536042          	5.242195            	44.302339           	0.000000            	156.187500          	12.566289           	0.998563            		
168                 	-16.700316          	1.101804            	43.607145           	0.000000            	152.125000          	12.500135           	0.985328            		
169                 	-11.486443          	1.099755            	42.833920           	0.000000            	146.625000          	12.513178           	1.012377            		
170                 	-15.693689          	7.714859            	42.269977           	0.000000            	142.500000          	12.538603           	1.045825            		
171                 	-16.491767          	5.865204            	41.666189           	0.000000            	138.375000          	12.546134           	1.062565            		
172                 	-17.894793          	4.480367            	41.126118           	0.000000            	134.875000          	12.540186           	1.067439            		
173                 	-13.801141          	1.035107            	40.328043           	0.000000            	130.687500          	12.444580           	1.061769            		
174                 	-14.019378          	1.052186            	39.555837           	0.000000            	125.562500          	12.461238           	1.084715            		
175                 	-11.026143          	1.120878            	38.783866           	0.000000            	120.687500          	12.463497           	1.108632            		
176                 	-13.266535          	1.039688            	37.995640           	0.000000            	116.062500          	12.438717           	1.136096            		
177                 	-8.640285           	1.073950            	37.155190           	0.000000            	111.000000          	12.437011           	1.161516            		
178                 	-11.113994          	1.083115            	36.259242           	0.000000            	105.937500          	12.410456           	1.191675            		
179                 	-9.266432           	1.148397            	35.462720           	0.000000            	101.187500          	12.428457           	1.225645            		
180                 	-11.012674          	1.145281            	34.611856           	0.000000            	96.562500           	12.406271           	1.263866            		
181                 	-6.820358           	1.171422            	33.682855           	0.000000            	91.375000           	12.416249           	1.301175            		
182                 	-8.053032           	1.192124            	32.741078           	0.000000            	86.750000           	12.357097           	1.337553            		
183                 	-6.610139           	1.339203            	31.915368           	0.000000            	81.937500           	12.431313           	1.396815            		
184                 	-7.061599           	1.266821            	31.006957           	0.000000            	77.875000           	12.345829           	1.431455            		
185                 	-7.877465           	1.295056            	30.174426           	0.000000            	73.437500           	12.398243           	1.482946            		
186                 	-4.865767           	1.344240            	29.169817           	0.000000            	68.625000           	12.398954           	1.551144            		
187                 	-6.594409           	1.471112            	28.190720           	0.000000            	64.375000           	12.345113           	1.611878            		
188                 	-4.184696           	1.429482            	27.220019           	0.000000            	59.875000           	12.374604           	1.712917            		
189                 	-3.962889           	1.512660            	26.184504           	0.000000            	55.750000           	12.298265           	1.774359            		
190                 	-3.385190           	1.558013            	25.048694           	0.000000            	51.125000           	12.272607           	1.909924            		
191                 	-1.068661           	1.726087            	24.055868           	0.000000            	46.625000           	12.411470           	2.072617            		
192                 	-3.184243           	1.679652            	22.915617           	0.000000            	42.875000           	12.247825           	2.224522            		
193                 	-2.642715           	1.769570            	21.716081           	0.000000            	38.500000           	12.249043           	2.466897            		
194                 	-0.359539           	2.030394            	20.478829           	0.000000            	34.250000           	12.244742           	2.898289            		
195                 	-1.107772           	1.998302            	19.154076           	0.000000            	30.250000           	12.128218           	3.229485            		
196                 	-0.108031           	2.207868            	18.148402           	0.000000            	26.500000           	12.428849           	3.575304            		
197                 	-0.968420           	2.245440            	17.012902           	0.000000            	24.000000           	12.059951           	3.660147            		
198                 	-0.970661           	2.404764            	15.736038           	0.000000            	20.750000           	11.933633           	3.886472            		
199                 	0.010286            	2.616341            	14.358010           	0.000000            	17.250000           	11.950867           	3.987009            		
200                 	0.009143            	2.967996            	12.943796           	0.000000            	14.000000           	11.967276           	4.061919            		
201                 	0.008000            	3.204141            	11.636764           	0.000000            	11.000000           	12.310389           	3.775767            		
202                 	0.006000            	3.778366            	9.943382            	0.000000            	8.250000            	11.984344           	3.587965            		
203                 	0.005714            	4.316369            	8.441421            	0.000000            	6.000000            	11.876266           	3.394483            		
204                 	0.004571            	4.228005            	7.021261            	0.000000            	4.000000            	12.324526           	2.791818            		
205                 	0.003429            	6.502550            	5.032662            	0.000000            	2.250000            	11.256750           	2.261256            		
206                 	0.002286            	9.375162            	3.072061            	0.000000            	1.000000            	9.437561            	1.465226            		


#41s 41481ms 41481882us 
