#Image: flower
#
#Iteration           	Opt. Energy         	Elastica MDCA       	Perimeter           	Unlabeled           	
0                   	-1.000000           	13.770305           	1000.944759         	0.000000            	
1                   	182.069830          	17.269632           	975.580095          	0.000000            	
2                   	169.412409          	24.462708           	943.186193          	0.000000            	
3                   	151.310346          	27.206950           	910.542290          	0.000000            	
4                   	137.200001          	22.756195           	868.223744          	0.000000            	
5                   	116.304093          	28.602648           	835.924636          	0.000000            	
6                   	102.965512          	26.509726           	805.800663          	0.000000            	
7                   	86.201022           	16.026204           	773.216101          	0.000000            	
8                   	81.465858           	11.709303           	748.496600          	0.000000            	
9                   	76.772591           	12.048010           	726.850395          	0.000000            	
10                  	71.981695           	4.043532            	705.283783          	0.000000            	
11                  	67.596856           	3.097550            	693.973662          	0.000000            	
12                  	61.159496           	2.669616            	683.422071          	0.000000            	
13                  	60.327628           	2.408183            	674.879086          	0.000000            	
14                  	60.552409           	2.346014            	666.021915          	0.000000            	
15                  	59.396503           	2.058240            	658.359266          	0.000000            	
16                  	57.581857           	2.151096            	651.908671          	0.000000            	
17                  	57.606217           	2.023067            	645.388955          	0.000000            	
18                  	58.019505           	1.855771            	639.289184          	0.000000            	
19                  	55.524441           	1.613311            	633.940810          	0.000000            	
20                  	57.721450           	1.149098            	628.742263          	0.000000            	
21                  	55.958360           	0.967316            	623.621611          	0.000000            	
22                  	53.030068           	0.954910            	619.543419          	0.000000            	
23                  	55.376817           	1.133852            	616.056302          	0.000000            	
24                  	53.011987           	0.721364            	611.712059          	0.000000            	
25                  	53.066383           	0.907197            	608.520748          	0.000000            	
26                  	54.596563           	0.898935            	605.365943          	0.000000            	
27                  	52.166378           	0.908229            	602.448205          	0.000000            	
28                  	54.258203           	0.896336            	599.419422          	0.000000            	
29                  	51.792897           	0.808240            	596.479968          	0.000000            	
30                  	52.525245           	0.637966            	593.949231          	0.000000            	
31                  	52.258628           	0.571333            	591.020089          	0.000000            	
32                  	51.124948           	0.674763            	588.727014          	0.000000            	
33                  	51.776862           	0.594771            	586.499258          	0.000000            	
34                  	51.589606           	0.769084            	584.157160          	0.000000            	
35                  	51.530316           	0.525755            	581.604124          	0.000000            	
36                  	51.825357           	0.480223            	580.264853          	0.000000            	
37                  	50.449072           	0.475222            	577.492844          	0.000000            	
38                  	49.891187           	0.455560            	575.293051          	0.000000            	
39                  	50.544679           	0.486614            	573.610902          	0.000000            	
40                  	48.946286           	0.521022            	571.807298          	0.000000            	
41                  	49.037703           	0.632453            	569.830419          	0.000000            	
42                  	48.223167           	0.455464            	567.897181          	0.000000            	
43                  	47.795508           	0.442709            	565.839172          	0.000000            	
44                  	47.611324           	0.414172            	564.164690          	0.000000            	
45                  	47.589021           	0.453036            	562.816762          	0.000000            	
46                  	46.476091           	0.451622            	560.891969          	0.000000            	
47                  	46.855751           	0.479017            	560.052746          	0.000000            	
48                  	46.551804           	0.548398            	558.325558          	0.000000            	
49                  	47.149447           	0.412156            	556.705197          	0.000000            	
50                  	45.925853           	0.550369            	555.452797          	0.000000            	
51                  	47.097800           	0.497286            	554.251667          	0.000000            	
52                  	47.319425           	0.427790            	552.501142          	0.000000            	
53                  	45.998247           	0.423351            	551.340726          	0.000000            	
54                  	46.977350           	0.448432            	550.231865          	0.000000            	
55                  	46.872410           	0.550086            	549.443078          	0.000000            	
56                  	47.370967           	0.409341            	548.007100          	0.000000            	
57                  	46.286661           	0.439615            	546.949360          	0.000000            	
58                  	46.829319           	0.382176            	545.606554          	0.000000            	
59                  	46.350328           	0.423666            	544.715496          	0.000000            	
60                  	47.021052           	0.401845            	543.295851          	0.000000            	
61                  	45.589090           	0.406885            	542.119260          	0.000000            	
62                  	46.451884           	0.563476            	541.156417          	0.000000            	
63                  	46.442195           	0.502101            	540.626787          	0.000000            	
64                  	46.625610           	0.470579            	539.072546          	0.000000            	
65                  	45.571246           	0.418818            	537.688061          	0.000000            	
66                  	46.733693           	0.520474            	537.201951          	0.000000            	
67                  	46.224462           	0.554126            	535.596582          	0.000000            	
68                  	45.451204           	0.403856            	534.937542          	0.000000            	
69                  	45.771545           	0.468987            	533.661150          	0.000000            	
70                  	46.259215           	0.530222            	532.611241          	0.000000            	
71                  	46.227381           	0.495632            	531.508397          	0.000000            	
72                  	45.068743           	0.615515            	530.381141          	0.000000            	
73                  	45.456720           	0.506032            	530.246798          	0.000000            	
74                  	45.560258           	0.509119            	528.310702          	0.000000            	
75                  	45.545613           	0.488474            	527.033400          	0.000000            	
76                  	46.066088           	0.574871            	526.138939          	0.000000            	
77                  	45.575868           	0.575048            	524.896939          	0.000000            	
78                  	45.862636           	0.437626            	523.846733          	0.000000            	
79                  	46.073633           	0.484338            	522.748425          	0.000000            	
80                  	45.480147           	0.496697            	521.659634          	0.000000            	
81                  	44.567510           	0.465629            	520.427717          	0.000000            	
82                  	45.544467           	0.548285            	519.400280          	0.000000            	
83                  	45.307949           	0.499026            	518.560152          	0.000000            	
84                  	45.839818           	0.612438            	517.415471          	0.000000            	
85                  	44.917855           	0.640612            	516.305449          	0.000000            	
86                  	43.802500           	0.523687            	515.212904          	0.000000            	
87                  	44.390486           	0.504887            	514.482142          	0.000000            	
88                  	45.322466           	0.544716            	513.067104          	0.000000            	
89                  	44.793241           	0.647986            	511.997181          	0.000000            	
90                  	43.814081           	0.670975            	510.833319          	0.000000            	
91                  	43.623956           	0.573551            	509.703939          	0.000000            	
92                  	44.460866           	0.500558            	508.772514          	0.000000            	
93                  	44.425689           	0.485636            	507.382214          	0.000000            	
94                  	43.532740           	0.567964            	506.323716          	0.000000            	
95                  	43.622456           	0.493805            	505.369665          	0.000000            	
96                  	44.179421           	0.524531            	504.377428          	0.000000            	
97                  	43.389444           	0.513627            	502.836840          	0.000000            	
98                  	42.980629           	0.474984            	501.863729          	0.000000            	
99                  	43.334498           	0.506567            	501.069401          	0.000000            	
100                 	43.409337           	0.543852            	499.768499          	0.000000            	
101                 	43.050151           	0.572328            	499.057078          	0.000000            	
102                 	43.069790           	0.514266            	497.479506          	0.000000            	
103                 	43.178588           	0.575013            	496.496430          	0.000000            	
104                 	43.136248           	0.493751            	495.450191          	0.000000            	
105                 	44.008272           	0.630226            	494.777281          	0.000000            	
106                 	43.024527           	0.568982            	493.269538          	0.000000            	
107                 	42.023497           	0.477433            	492.204927          	0.000000            	
108                 	42.179871           	0.472105            	491.288127          	0.000000            	
109                 	43.193521           	0.491865            	490.290328          	0.000000            	
110                 	43.550738           	0.574369            	489.389441          	0.000000            	
111                 	41.829029           	0.567356            	488.002764          	0.000000            	
112                 	42.228413           	0.520132            	486.810845          	0.000000            	
113                 	43.006544           	0.516614            	485.731295          	0.000000            	
114                 	42.382227           	0.586703            	484.719711          	0.000000            	
115                 	42.934740           	0.604733            	483.642008          	0.000000            	
116                 	42.316392           	0.512776            	482.246147          	0.000000            	
117                 	41.860619           	0.545203            	481.404283          	0.000000            	
118                 	42.458425           	0.512346            	480.358405          	0.000000            	
119                 	42.971206           	0.528614            	479.003347          	0.000000            	
120                 	41.441947           	0.552905            	477.884187          	0.000000            	
121                 	41.850253           	0.486213            	477.164411          	0.000000            	
122                 	41.801007           	0.499337            	475.798040          	0.000000            	
123                 	41.788900           	0.559097            	474.801912          	0.000000            	
124                 	41.592841           	0.611349            	473.591054          	0.000000            	
125                 	40.917525           	0.502946            	472.332659          	0.000000            	
126                 	40.797091           	0.592881            	471.323674          	0.000000            	
127                 	41.613665           	0.513504            	470.247512          	0.000000            	
128                 	41.669323           	0.610437            	469.282119          	0.000000            	
129                 	40.069036           	0.602653            	467.736109          	0.000000            	
130                 	40.530883           	0.555389            	467.130937          	0.000000            	
131                 	40.795673           	0.525634            	465.542616          	0.000000            	
132                 	40.210463           	0.523983            	464.523368          	0.000000            	
133                 	40.514405           	0.648208            	463.053126          	0.000000            	
134                 	39.354356           	0.491408            	462.085401          	0.000000            	
135                 	39.834312           	0.533225            	460.777264          	0.000000            	
136                 	40.305760           	0.610272            	459.915718          	0.000000            	
137                 	40.774201           	0.575986            	458.638741          	0.000000            	
138                 	40.036803           	0.522770            	457.385844          	0.000000            	
139                 	40.229219           	0.523094            	456.673007          	0.000000            	
140                 	40.010520           	0.501231            	455.186539          	0.000000            	
141                 	39.930950           	0.525253            	454.022926          	0.000000            	
142                 	40.375434           	0.531549            	453.060271          	0.000000            	
143                 	39.664711           	0.632688            	451.899665          	0.000000            	
144                 	39.344140           	0.518569            	450.676358          	0.000000            	
145                 	39.824335           	0.543924            	449.806744          	0.000000            	
146                 	39.701641           	0.669847            	448.837949          	0.000000            	
147                 	39.094616           	0.718623            	447.440777          	0.000000            	
148                 	39.265310           	0.561601            	446.117826          	0.000000            	
149                 	38.684934           	0.566507            	445.012350          	0.000000            	
150                 	38.913977           	0.555219            	443.969461          	0.000000            	
151                 	38.712965           	0.610603            	442.711100          	0.000000            	
152                 	39.139426           	0.678352            	441.653835          	0.000000            	
153                 	39.131746           	0.558898            	440.269596          	0.000000            	
154                 	38.460864           	0.588263            	439.361865          	0.000000            	
155                 	39.040317           	0.630594            	438.353217          	0.000000            	
156                 	38.561827           	0.764398            	437.475940          	0.000000            	
157                 	37.843350           	0.583407            	435.582701          	0.000000            	
158                 	38.440122           	0.500797            	434.720350          	0.000000            	
159                 	37.610703           	0.522152            	433.302482          	0.000000            	
160                 	38.458316           	0.618008            	432.501489          	0.000000            	
161                 	38.188215           	0.722910            	430.854118          	0.000000            	
162                 	37.827932           	0.522023            	429.955535          	0.000000            	
163                 	38.100708           	0.600702            	428.377041          	0.000000            	
164                 	37.239243           	0.526678            	427.266517          	0.000000            	
165                 	38.229472           	0.621164            	426.132991          	0.000000            	
166                 	37.846503           	0.709187            	424.870820          	0.000000            	
167                 	36.764293           	0.523882            	423.470724          	0.000000            	
168                 	37.509906           	0.533196            	422.417716          	0.000000            	
169                 	36.830186           	0.527667            	421.272196          	0.000000            	
170                 	37.977609           	0.620475            	420.338113          	0.000000            	
171                 	37.343231           	0.620031            	418.740029          	0.000000            	
172                 	36.452672           	0.535763            	417.627681          	0.000000            	
173                 	37.135689           	0.596167            	416.447895          	0.000000            	
174                 	36.528142           	0.522646            	415.154862          	0.000000            	
175                 	37.395762           	0.703570            	413.954981          	0.000000            	
176                 	36.655290           	0.647160            	412.744212          	0.000000            	
177                 	36.603064           	0.596517            	411.046480          	0.000000            	
178                 	36.526984           	0.546906            	410.027369          	0.000000            	
179                 	36.592745           	0.601352            	408.552545          	0.000000            	
180                 	36.733778           	0.581764            	407.361312          	0.000000            	
181                 	36.380574           	0.599289            	405.732900          	0.000000            	
182                 	35.787571           	0.533991            	404.649546          	0.000000            	
183                 	36.308521           	0.597186            	403.285954          	0.000000            	
184                 	35.851823           	0.547269            	402.138988          	0.000000            	
185                 	36.774058           	0.732566            	400.892211          	0.000000            	
186                 	36.005328           	0.793451            	399.443875          	0.000000            	
187                 	35.962447           	0.613875            	397.990574          	0.000000            	
188                 	35.375647           	0.565255            	396.955445          	0.000000            	
189                 	35.571915           	0.617540            	395.806142          	0.000000            	
190                 	36.134815           	0.587400            	394.073770          	0.000000            	
191                 	35.248289           	0.598903            	392.504146          	0.000000            	
192                 	35.006307           	0.558422            	391.390509          	0.000000            	
193                 	35.584904           	0.617797            	390.219013          	0.000000            	
194                 	34.972639           	0.596845            	388.924852          	0.000000            	
195                 	35.636123           	0.661568            	387.395859          	0.000000            	
196                 	34.732517           	0.600293            	386.007668          	0.000000            	
197                 	35.501430           	0.736690            	384.503537          	0.000000            	
198                 	35.802383           	0.587575            	383.055540          	0.000000            	
199                 	35.650140           	0.632704            	381.624184          	0.000000            	
200                 	36.405188           	0.884200            	380.523432          	0.000000            	
201                 	36.321513           	0.685860            	378.880952          	0.000000            	
202                 	35.877287           	0.927092            	377.381206          	0.000000            	
203                 	35.762557           	0.680857            	376.143143          	0.000000            	
204                 	34.915895           	0.615505            	374.635726          	0.000000            	
205                 	35.133594           	0.680288            	372.397175          	0.000000            	
206                 	34.370337           	0.609492            	370.489182          	0.000000            	
207                 	35.784591           	0.648206            	368.154769          	0.000000            	
208                 	34.970987           	0.567573            	365.339958          	0.000000            	
209                 	36.449561           	0.526820            	362.420414          	0.000000            	
210                 	36.499488           	0.927760            	359.994649          	0.000000            	
211                 	37.017057           	0.671006            	356.624978          	0.000000            	
212                 	36.430992           	0.751703            	354.198557          	0.000000            	
213                 	38.155040           	0.823474            	350.519900          	0.000000            	
214                 	39.569090           	0.924619            	347.541795          	0.000000            	
215                 	40.815811           	0.960079            	344.191104          	0.000000            	
216                 	37.545663           	1.248873            	341.617376          	0.000000            	
217                 	43.065670           	1.595026            	338.607716          	0.000000            	
218                 	43.750096           	1.270564            	335.004856          	0.000000            	
219                 	41.929901           	1.354948            	330.454614          	0.000000            	
220                 	44.831266           	1.679614            	327.447096          	0.000000            	
221                 	48.775167           	1.334247            	324.324261          	0.000000            	
222                 	53.150386           	1.036668            	319.520736          	0.000000            	
223                 	52.104328           	0.948044            	315.786214          	0.000000            	
224                 	52.373278           	1.064584            	312.207330          	0.000000            	
225                 	59.040722           	0.747538            	309.012246          	0.000000            	
226                 	63.957140           	0.767426            	305.304869          	0.000000            	
227                 	80.457348           	0.645404            	301.727528          	0.000000            	
228                 	82.714571           	0.633864            	299.243640          	0.000000            	
229                 	98.323543           	0.668136            	296.049640          	0.000000            	
230                 	90.858723           	0.626514            	293.094520          	0.000000            	
231                 	86.193786           	0.572594            	290.327626          	0.000000            	
232                 	93.072376           	0.712338            	287.111939          	0.000000            	
233                 	86.230111           	0.876033            	284.304862          	0.000000            	
234                 	82.809738           	0.593314            	282.186086          	0.000000            	
235                 	95.026346           	0.721774            	278.229769          	0.000000            	
236                 	81.652424           	0.620816            	275.816864          	0.000000            	
237                 	83.984522           	0.703301            	272.078766          	0.000000            	
238                 	78.495030           	0.636939            	269.208085          	0.000000            	
239                 	76.054035           	0.661988            	266.710007          	0.000000            	
240                 	73.637932           	0.742094            	263.248631          	0.000000            	
241                 	68.176984           	0.666151            	260.389690          	0.000000            	
242                 	72.617135           	0.640266            	256.981307          	0.000000            	
243                 	69.982299           	0.678744            	253.554219          	0.000000            	
244                 	69.200806           	0.683004            	250.762375          	0.000000            	
245                 	74.806057           	0.655253            	247.037414          	0.000000            	
246                 	68.974139           	0.894675            	244.142945          	0.000000            	
247                 	63.623164           	0.687961            	240.333424          	0.000000            	
248                 	60.368251           	0.716815            	236.868363          	0.000000            	
249                 	65.797841           	0.663325            	233.673742          	0.000000            	
250                 	71.500394           	0.720106            	230.248681          	0.000000            	
251                 	55.566144           	0.724895            	226.515100          	0.000000            	
252                 	56.199962           	0.706551            	223.319886          	0.000000            	
253                 	61.881201           	0.728818            	219.683289          	0.000000            	
254                 	53.357731           	0.764057            	216.112657          	0.000000            	
255                 	55.491304           	0.755422            	212.078651          	0.000000            	
256                 	54.142868           	0.753131            	208.166594          	0.000000            	
257                 	52.596907           	0.813086            	205.165328          	0.000000            	
258                 	44.026773           	0.795125            	200.436505          	0.000000            	
259                 	46.154816           	0.802859            	197.243578          	0.000000            	
260                 	48.357929           	0.873343            	193.081283          	0.000000            	
261                 	43.948270           	0.900846            	189.278593          	0.000000            	
262                 	51.409576           	0.865286            	185.574131          	0.000000            	
263                 	41.151079           	0.890490            	181.103926          	0.000000            	
264                 	36.255136           	0.900199            	176.730708          	0.000000            	
265                 	39.984959           	0.940823            	172.885303          	0.000000            	
266                 	35.265789           	0.965182            	168.270899          	0.000000            	
267                 	32.762807           	0.972590            	163.894887          	0.000000            	
268                 	26.525449           	1.017926            	159.534432          	0.000000            	
269                 	26.987709           	1.013048            	155.068019          	0.000000            	
270                 	28.627510           	1.075142            	150.605148          	0.000000            	
271                 	19.745350           	1.110835            	145.401338          	0.000000            	
272                 	18.464107           	1.105892            	139.933942          	0.000000            	
273                 	11.460066           	1.197182            	135.214123          	0.000000            	
274                 	14.778876           	1.169177            	129.957798          	0.000000            	
275                 	9.304294            	1.235788            	124.487495          	0.000000            	
276                 	6.421263            	1.281742            	118.730482          	0.000000            	
277                 	3.662234            	1.312250            	113.157486          	0.000000            	
278                 	3.298010            	1.338326            	106.864323          	0.000000            	
279                 	0.580066            	1.461825            	100.436703          	0.000000            	
280                 	2.703183            	1.663127            	93.311824           	0.000000            	
281                 	0.130099            	1.849776            	86.246451           	0.000000            	
282                 	1.816698            	1.969938            	78.678619           	0.000000            	
283                 	-1.929991           	2.112153            	72.042311           	0.000000            	
284                 	-0.868168           	2.457110            	64.835397           	0.000000            	
285                 	0.014000            	2.732944            	56.835397           	0.000000            	
286                 	0.012667            	3.293306            	49.026643           	0.000000            	
287                 	0.009714            	3.927735            	39.573485           	0.000000            	
288                 	0.008667            	5.148932            	31.958613           	0.000000            	
289                 	0.007333            	7.133709            	24.034574           	0.000000            	
290                 	0.005143            	11.312907           	14.142966           	0.000000            	
291                 	0.002857            	21.858528           	4.702459            	0.000000            	


#205s 205259ms 205259556us 
