Iteration           EnergyValue II      EnergyValue MDCA    
0.000000            1.998901            13.149237           
1.000000            1.940953            13.409650           
2.000000            1.888162            13.670064           
3.000000            1.845900            13.578918           
4.000000            1.809772            13.658551           
5.000000            1.775153            13.727191           
6.000000            1.749453            15.583400           
7.000000            1.720989            15.014993           
8.000000            1.693899            16.646132           
9.000000            1.674569            17.058060           
10.000000           1.658084            18.733426           
11.000000           1.634107            20.462757           
12.000000           1.616202            20.940128           
13.000000           1.600259            22.230707           
14.000000           1.585732            23.063141           
15.000000           1.570982            24.182452           
16.000000           1.555787            24.300177           
17.000000           1.540894            25.317705           
18.000000           1.525653            24.623568           
19.000000           1.510014            24.745939           
20.000000           1.490026            24.517501           
21.000000           1.476362            25.814283           
22.000000           1.462605            26.280661           
23.000000           1.447893            25.291895           
24.000000           1.432461            24.040241           
25.000000           1.421511            23.810904           
26.000000           1.411343            24.285146           
27.000000           1.401507            25.142199           
28.000000           1.391714            23.874877           
29.000000           1.383166            21.173799           
30.000000           1.373681            24.832113           
31.000000           1.359374            23.837422           
32.000000           1.338921            24.666329           
33.000000           1.313936            25.644034           
34.000000           1.305369            26.455963           
35.000000           1.297489            27.576168           
36.000000           1.290702            28.898876           
37.000000           1.283982            28.903018           
38.000000           1.278238            29.243252           
39.000000           1.271595            28.920177           
40.000000           1.265586            29.000275           
41.000000           1.259882            31.795377           
42.000000           1.255077            30.896848           
43.000000           1.250991            30.893161           
44.000000           1.247005            31.603716           
45.000000           1.243175            32.257571           
46.000000           1.239760            32.273203           
47.000000           1.236255            32.566055           
48.000000           1.233600            32.508272           
49.000000           1.231285            33.323271           
50.000000           1.227855            30.717795           
51.000000           1.223990            30.432684           
52.000000           1.221457            31.235201           
53.000000           1.218855            30.804097           
54.000000           1.216678            29.852637           
55.000000           1.214855            30.224277           
56.000000           1.213294            30.857453           
57.000000           1.211021            31.450551           
58.000000           1.208331            31.935567           
59.000000           1.206702            31.542785           
60.000000           1.205724            30.668188           
61.000000           1.204572            30.559336           
62.000000           1.202520            30.192498           
63.000000           1.200466            29.855532           
64.000000           1.198723            29.617768           
65.000000           1.197663            30.634024           
66.000000           1.196363            29.723595           
67.000000           1.195000            29.780537           
68.000000           1.193707            30.149559           
69.000000           1.192668            30.172308           
70.000000           1.191761            30.773856           
71.000000           1.191094            30.718737           
72.000000           1.190529            30.763702           
73.000000           1.189969            30.623411           
74.000000           1.189517            30.431661           
75.000000           1.188737            31.287334           
76.000000           1.187473            31.870427           
77.000000           1.186866            32.171456           
78.000000           1.186067            32.143943           
79.000000           1.185250            31.827829           
80.000000           1.184602            31.600207           
81.000000           1.183705            31.644361           
82.000000           1.183127            32.909025           
83.000000           1.182366            31.697622           
84.000000           1.181606            32.001683           
85.000000           1.181254            31.635580           
86.000000           1.180454            31.446170           
87.000000           1.179706            32.375496           
88.000000           1.179366            31.928979           
89.000000           1.178843            33.328786           
90.000000           1.178012            31.833280           
91.000000           1.177593            31.814310           
92.000000           1.177305            31.871650           
93.000000           1.177090            31.597784           
94.000000           1.176096            31.807934           
95.000000           1.175210            31.899256           
96.000000           1.175135            31.250692           
97.000000           1.174887            30.963631           
97.000000           1.174887            30.963631           
98.000000           1.012388            29.180229           
99.000000           1.011379            29.944641           
100.000000          1.007732            30.236954           
101.000000          1.007207            30.356846           
102.000000          1.006754            30.373658           
103.000000          1.006138            31.925686           
104.000000          1.005630            32.596456           
105.000000          1.005119            32.752236           
106.000000          1.004600            33.522706           
107.000000          1.004116            32.191843           
108.000000          1.003933            32.432823           
109.000000          1.003629            29.148509           
110.000000          1.003141            29.122702           
111.000000          1.002426            29.095270           
112.000000          1.001657            29.406036           
113.000000          1.001258            30.047260           
114.000000          1.000779            29.481913           
115.000000          0.999689            29.512643           
116.000000          0.999515            29.254180           
117.000000          0.998990            30.017690           
118.000000          0.998167            31.717018           
119.000000          0.997785            31.873095           
120.000000          0.997466            31.730758           
121.000000          0.996955            31.708990           
121.000000          0.996955            31.708990           
122.000000          0.982946            31.595165           
123.000000          0.982852            32.964626           
124.000000          0.982774            32.565125           
125.000000          0.982545            31.800249           
126.000000          0.982194            32.086321           
127.000000          0.982091            32.036954           
128.000000          0.981787            33.530914           
129.000000          0.981478            33.752139           
130.000000          0.980907            32.812875           
131.000000          0.980607            32.425103           
132.000000          0.979573            32.790020           
133.000000          0.979362            31.508038           
134.000000          0.978979            31.555744           
135.000000          0.978868            31.566339           
135.000000          0.978868            31.566339           
136.000000          0.970830            32.197067           
137.000000          0.970797            31.526640           
138.000000          0.969914            31.015659           
138.000000          0.969914            31.015659           
139.000000          0.963750            30.869033           
140.000000          0.963418            30.777821           
141.000000          0.962879            30.169636           
142.000000          0.962380            29.691005           
143.000000          0.962117            29.655177           
144.000000          0.961925            31.144365           
144.000000          0.961925            31.144365           
145.000000          0.955635            31.779298           
145.000000          0.955635            31.779298           
146.000000          0.950237            31.798226           
147.000000          0.949384            30.293462           
148.000000          0.949375            31.356753           
148.000000          0.949375            31.356753           
149.000000          0.945024            30.670965           
149.000000          0.945024            30.670965           
150.000000          0.941221            33.904694           
151.000000          0.940830            36.488233           
152.000000          0.940443            36.542723           
153.000000          0.940113            35.161808           
154.000000          0.939864            35.060954           
155.000000          0.939652            34.619340           
156.000000          0.939321            36.061670           
157.000000          0.939186            36.526581           
158.000000          0.938667            36.955600           
159.000000          0.938448            35.508590           
160.000000          0.938031            35.759722           
161.000000          0.937614            35.728338           
162.000000          0.937361            35.546603           
163.000000          0.937293            35.868778           
164.000000          0.936981            35.818018           
165.000000          0.936538            37.717127           
166.000000          0.936331            36.822384           
167.000000          0.935929            36.251341           
168.000000          0.935150            37.720307           
169.000000          0.934744            37.623984           
170.000000          0.934180            37.908963           
171.000000          0.933895            37.897389           
172.000000          0.933487            37.716305           
173.000000          0.932946            35.825887           
174.000000          0.932103            37.635764           
175.000000          0.931857            38.478712           
176.000000          0.931481            38.438295           
177.000000          0.931388            37.886343           
178.000000          0.930790            37.116700           
179.000000          0.930681            37.683644           
180.000000          0.930027            36.446541           
181.000000          0.929530            36.635018           
182.000000          0.929452            36.458955           
183.000000          0.928926            36.098832           
183.000000          0.928926            36.098832           
184.000000          0.924805            36.240532           
184.000000          0.924805            36.240532           
185.000000          0.921525            36.338194           
185.000000          0.921525            36.338194           
186.000000          0.918595            36.716927           
186.000000          0.918595            36.716927           
187.000000          0.916289            36.650647           
187.000000          0.916289            36.650647           
188.000000          0.914407            36.389829           
188.000000          0.914407            36.389829           
189.000000          0.912825            35.897228           
190.000000          0.912496            35.776503           
191.000000          0.912052            36.250808           
192.000000          0.911510            37.389027           
193.000000          0.910943            36.042985           
194.000000          0.910836            36.296654           
195.000000          0.909522            36.322490           
196.000000          0.909474            35.903922           
196.000000          0.909474            35.903922           
197.000000          0.908029            35.856422           
197.000000          0.908029            35.856422           
198.000000          0.906757            35.101512           
199.000000          0.906501            34.887741           
200.000000          0.905905            35.056911           
200.000000          0.905905            35.056911           
201.000000          0.904281            34.422796           
202.000000          0.903764            31.833333           
203.000000          0.903423            33.958761           
204.000000          0.903119            31.955650           
205.000000          0.902556            32.723477           
206.000000          0.902466            31.307035           
207.000000          0.902314            32.291065           
208.000000          0.902138            31.650703           
209.000000          0.901868            31.097919           
210.000000          0.901581            31.236414           
211.000000          0.901321            31.412162           
212.000000          0.900918            32.459883           
213.000000          0.900409            33.442657           
214.000000          0.900215            32.794954           
215.000000          0.900121            31.805942           
216.000000          0.899848            31.125504           
217.000000          0.899378            31.446267           
218.000000          0.899177            33.022465           
218.000000          0.899177            33.022465           
219.000000          0.897697            33.517253           
220.000000          0.897652            34.168098           
221.000000          0.897485            34.263202           
222.000000          0.897190            35.371262           
223.000000          0.897176            35.452666           
224.000000          0.896979            35.712354           
225.000000          0.896925            36.100242           
226.000000          0.896888            36.176754           
227.000000          0.896573            36.306847           
227.000000          0.896573            36.306847           
228.000000          0.895147            36.804957           
228.000000          0.895147            36.804957           
229.000000          0.894263            36.813345           
229.000000          0.894263            36.813345           
230.000000          0.893568            36.524071           
230.000000          0.893568            36.524071           
231.000000          0.893063            36.853823           
232.000000          0.892722            37.450810           
233.000000          0.892211            36.372258           
234.000000          0.891855            36.578818           
234.000000          0.891855            36.578818           
235.000000          0.891257            36.739070           
235.000000          0.891257            36.739070           
236.000000          0.890781            36.626429           
237.000000          0.890554            36.985788           
237.000000          0.890554            36.985788           
238.000000          0.889827            36.929846           
239.000000          0.889415            36.787969           
240.000000          0.889288            37.157580           
241.000000          0.888752            37.109447           
241.000000          0.888752            37.109447           
242.000000          0.888202            33.753606           
243.000000          0.887880            33.999892           
244.000000          0.887161            32.701012           
245.000000          0.886724            33.300843           
246.000000          0.886687            33.084781           
247.000000          0.886022            32.961721           
247.000000          0.886022            32.961721           
248.000000          0.884774            33.427525           
248.000000          0.884774            33.427525           
249.000000          0.883962            33.180949           
250.000000          0.883743            33.671880           
250.000000          0.883743            33.671880           
251.000000          0.883548            35.047668           
251.000000          0.883548            35.047668           
252.000000          0.883431            35.350995           
252.000000          0.883431            35.350995           
253.000000          0.883420            35.530169           
254.000000          0.883323            35.109336           
254.000000          0.883323            35.109336           
255.000000          0.882596            35.171817           
255.000000          0.882596            35.171817           
256.000000          0.882427            35.914050           
256.000000          0.882427            35.914050           
257.000000          0.882410            36.071204           
258.000000          0.882387            37.695388           
258.000000          0.882387            37.695388           
259.000000          0.882280            38.513679           
260.000000          0.882028            39.320543           
260.000000          0.882028            39.320543           
261.000000          0.881341            39.197881           
262.000000          0.881182            39.365249           
263.000000          0.880584            38.611803           
264.000000          0.879272            38.239230           
265.000000          0.879191            38.260646           
266.000000          0.878377            37.776642           
267.000000          0.878286            38.000398           
268.000000          0.878199            37.596371           
269.000000          0.878117            38.187420           
269.000000          0.878117            38.187420           
270.000000          0.877823            37.998708           
270.000000          0.877823            37.998708           
270.000000          0.877823            37.998708           
271.000000          0.864439            38.100752           
272.000000          0.864388            39.324473           
273.000000          0.864351            40.446344           
274.000000          0.864077            38.620783           
275.000000          0.863470            38.423559           
276.000000          0.863098            38.407963           
276.000000          0.863098            38.407963           
277.000000          0.862212            38.576892           
278.000000          0.862120            38.042721           
279.000000          0.861465            37.681241           
280.000000          0.861379            35.970770           
280.000000          0.861379            35.970770           
281.000000          0.860379            37.619962           
282.000000          0.860152            39.760143           
282.000000          0.860152            39.760143           
283.000000          0.859365            39.923208           
284.000000          0.859294            38.447970           
285.000000          0.858416            38.429935           
285.000000          0.858416            38.429935           
286.000000          0.857889            38.568316           
287.000000          0.857671            38.659655           
287.000000          0.857671            38.659655           
288.000000          0.856559            38.164087           
289.000000          0.856134            39.420654           
290.000000          0.855817            37.711766           
290.000000          0.855817            37.711766           
291.000000          0.855420            36.676670           
291.000000          0.855420            36.676670           
292.000000          0.855113            36.742818           
293.000000          0.854865            36.807757           
293.000000          0.854865            36.807757           
294.000000          0.853932            37.112393           
295.000000          0.853641            39.755225           
296.000000          0.853353            39.882347           
297.000000          0.852870            39.782976           
298.000000          0.852757            39.863256           
299.000000          0.852168            39.267011           
300.000000          0.851508            38.743592           
301.000000          0.851112            38.712038           
302.000000          0.850418            37.452348           
303.000000          0.849646            37.356910           
304.000000          0.849548            37.370971           
305.000000          0.849393            38.511523           
306.000000          0.849310            39.091797           
307.000000          0.849163            39.286572           
307.000000          0.849163            39.286572           
308.000000          0.848199            39.351918           
308.000000          0.848199            39.351918           
309.000000          0.847326            39.414640           
309.000000          0.847326            39.414640           
310.000000          0.846952            39.262595           
310.000000          0.846952            39.262595           
311.000000          0.846625            38.989034           
311.000000          0.846625            38.989034           
312.000000          0.845784            38.521353           
313.000000          0.845745            38.167466           
314.000000          0.845047            38.627183           
315.000000          0.845002            38.608590           
315.000000          0.845002            38.608590           
316.000000          0.843918            38.552000           
316.000000          0.843918            38.552000           
317.000000          0.842573            39.678115           
318.000000          0.842407            40.294589           
319.000000          0.842017            40.236145           
320.000000          0.841431            39.508855           
321.000000          0.840759            39.956470           
322.000000          0.840708            39.614345           
323.000000          0.840294            39.631701           
323.000000          0.840294            39.631701           
324.000000          0.839411            39.704170           
324.000000          0.839411            39.704170           
325.000000          0.838452            39.164048           
326.000000          0.838373            39.240108           
327.000000          0.838298            39.324241           
328.000000          0.838082            39.484758           
329.000000          0.838061            39.558577           
330.000000          0.837774            39.179302           
331.000000          0.837310            38.642624           
332.000000          0.837206            38.862812           
333.000000          0.836741            41.126786           
333.000000          0.836741            41.126786           
334.000000          0.834127            43.587510           
334.000000          0.834127            43.587510           
335.000000          0.831884            43.531216           
335.000000          0.831884            43.531216           
336.000000          0.829679            42.696265           
337.000000          0.829410            43.138411           
338.000000          0.829287            44.578755           
338.000000          0.829287            44.578755           
339.000000          0.826875            44.542921           
339.000000          0.826875            44.542921           
340.000000          0.825647            44.590724           
340.000000          0.825647            44.590724           
341.000000          0.824615            44.337208           
342.000000          0.824603            43.380404           
343.000000          0.824450            44.082971           
343.000000          0.824450            44.082971           
344.000000          0.823771            44.045537           
345.000000          0.823507            43.855637           
345.000000          0.823507            43.855637           
346.000000          0.822733            45.000374           
346.000000          0.822733            45.000374           
347.000000          0.821690            42.470469           
347.000000          0.821690            42.470469           
348.000000          0.820610            42.587304           
349.000000          0.820308            41.427433           
349.000000          0.820308            41.427433           
350.000000          0.819248            41.417656           
350.000000          0.819248            41.417656           
351.000000          0.818795            40.454258           
352.000000          0.818579            39.834689           
352.000000          0.818579            39.834689           
353.000000          0.818295            40.766346           
353.000000          0.818295            40.766346           
354.000000          0.817252            40.802181           
355.000000          0.817221            40.684066           
355.000000          0.817221            40.684066           
356.000000          0.816510            39.243942           
356.000000          0.816510            39.243942           
357.000000          0.815210            41.680046           
357.000000          0.815210            41.680046           
358.000000          0.814817            41.084825           
359.000000          0.814792            40.016326           
360.000000          0.814705            40.055497           
361.000000          0.814182            39.868502           
362.000000          0.814180            39.689842           
363.000000          0.814009            37.705563           
364.000000          0.813128            37.789079           
365.000000          0.812982            37.166328           
366.000000          0.812614            38.286737           
367.000000          0.812388            38.932388           
368.000000          0.812308            39.201877           
369.000000          0.812093            38.836816           
370.000000          0.811968            38.356990           
371.000000          0.811869            38.765691           
372.000000          0.811696            39.104925           
373.000000          0.811314            39.877622           
373.000000          0.811314            39.877622           
374.000000          0.810826            39.900851           
375.000000          0.810674            39.121639           
376.000000          0.810563            39.939239           
377.000000          0.810385            39.539004           
378.000000          0.810111            39.780631           
378.000000          0.810111            39.780631           
379.000000          0.809279            40.427470           
379.000000          0.809279            40.427470           
380.000000          0.808495            40.995147           
381.000000          0.808372            40.229417           
381.000000          0.808372            40.229417           
382.000000          0.807701            37.793313           
383.000000          0.807513            38.784074           
384.000000          0.807313            39.267970           
385.000000          0.807080            39.273739           
385.000000          0.807080            39.273739           
386.000000          0.806441            38.500828           
386.000000          0.806441            38.500828           
387.000000          0.806052            38.507218           
388.000000          0.805929            38.590484           
389.000000          0.805827            38.197560           
390.000000          0.805763            38.409919           
391.000000          0.805480            36.245143           
392.000000          0.804937            36.353288           
393.000000          0.804679            36.360149           
394.000000          0.804519            36.364836           
395.000000          0.804159            37.074127           
396.000000          0.804048            36.762941           
397.000000          0.803862            36.737089           
398.000000          0.803570            36.987450           
399.000000          0.803358            36.980901           
399.000000          0.803358            36.980901           
399.000000          0.803358            36.980901           


#5381s 5381483ms 5381483118us 
Initial digital shape size: 7481 pixels.