Iteration           EnergyValue II      EnergyValue MDCA    
0.000000            2.344372            9.803080            
1.000000            2.300788            11.393146           
2.000000            2.264324            11.569394           
3.000000            2.233265            12.323511           
4.000000            2.201176            12.480929           
5.000000            2.173580            13.228010           
6.000000            2.150502            13.499870           
7.000000            2.131111            13.726994           
8.000000            2.114272            14.012214           
9.000000            2.100832            15.935621           
10.000000           2.086570            16.389409           
11.000000           2.075066            16.994671           
12.000000           2.065160            16.946730           
13.000000           2.057698            16.681854           
14.000000           2.051457            17.272726           
15.000000           2.045959            17.679110           
16.000000           2.042087            17.121191           
17.000000           2.039485            16.717918           
18.000000           2.037111            16.947316           
19.000000           2.035982            16.721571           
20.000000           2.034688            16.916063           
21.000000           2.034650            16.840460           
22.000000           2.034060            16.786446           
22.000000           2.034060            16.786446           
23.000000           2.029782            17.351011           
24.000000           2.029566            17.597433           
24.000000           2.029566            17.597433           
25.000000           2.026369            18.083807           
26.000000           2.026026            18.162992           
26.000000           2.026026            18.162992           
27.000000           2.023061            18.367795           
28.000000           2.022943            19.621834           
29.000000           2.022663            19.919776           
29.000000           2.022663            19.919776           
30.000000           2.020307            20.745403           
31.000000           2.020306            20.736755           
31.000000           2.020306            20.736755           
32.000000           2.018326            20.448799           
32.000000           2.018326            20.448799           
33.000000           2.016889            20.630069           
34.000000           2.016656            20.784627           
35.000000           2.016447            20.733746           
35.000000           2.016447            20.733746           
36.000000           2.015686            20.799072           
36.000000           2.015686            20.799072           
37.000000           2.015639            20.897393           
38.000000           2.015419            21.345134           
39.000000           2.015153            22.143891           
40.000000           2.014652            20.458796           
41.000000           2.014168            19.696495           
42.000000           2.014051            20.173735           
43.000000           2.013368            19.747163           
43.000000           2.013368            19.747163           
44.000000           2.012678            20.055826           
44.000000           2.012678            20.055826           
45.000000           2.012467            19.736857           
46.000000           2.012464            19.790779           
47.000000           2.011742            20.644876           
47.000000           2.011742            20.644876           
48.000000           2.011730            20.941386           
49.000000           2.011601            22.299527           
49.000000           2.011601            22.299527           
50.000000           2.010916            22.096478           
50.000000           2.010916            22.096478           
50.000000           2.010916            22.096478           
51.000000           2.008095            21.297549           
51.000000           2.008095            21.297549           
52.000000           2.008024            21.352134           
53.000000           2.007807            22.314216           
54.000000           2.007625            21.837008           
55.000000           2.007391            21.963781           
55.000000           2.007391            21.963781           
56.000000           2.006986            21.957748           
56.000000           2.006986            21.957748           
57.000000           2.006858            21.912987           
57.000000           2.006858            21.912987           
58.000000           2.006608            21.194506           
59.000000           2.006201            20.720812           
60.000000           2.006078            21.023523           
60.000000           2.006078            21.023523           
61.000000           2.006053            21.153950           
62.000000           2.005711            20.718553           
62.000000           2.005711            20.718553           
63.000000           2.005371            20.723417           
63.000000           2.005371            20.723417           
63.000000           2.005371            20.723417           
64.000000           2.003460            20.002464           
64.000000           2.003460            20.002464           
64.000000           2.003460            20.002464           
65.000000           2.001778            21.694122           
65.000000           2.001778            21.694122           
65.000000           2.001778            21.694122           
66.000000           2.000490            21.268057           
66.000000           2.000490            21.268057           
66.000000           2.000490            21.268057           
67.000000           1.999822            20.400993           
67.000000           1.999822            20.400993           
67.000000           1.999822            20.400993           
68.000000           1.999168            20.272927           
69.000000           1.999112            20.715974           
69.000000           1.999112            20.715974           
69.000000           1.999112            20.715974           
70.000000           1.998787            20.595430           
71.000000           1.998641            21.485158           
71.000000           1.998641            21.485158           
71.000000           1.998641            21.485158           
72.000000           1.998181            21.146635           
73.000000           1.998120            20.738154           
73.000000           1.998120            20.738154           
74.000000           1.998041            20.296977           
74.000000           1.998041            20.296977           
75.000000           1.997989            20.882748           
75.000000           1.997989            20.882748           
75.000000           1.997989            20.882748           
76.000000           1.997971            20.799391           
76.000000           1.997971            20.799391           
76.000000           1.997971            20.799391           
77.000000           1.997883            20.208263           
77.000000           1.997883            20.208263           
77.000000           1.997883            20.208263           
77.000000           1.997883            20.208263           
78.000000           1.997498            19.667932           
78.000000           1.997498            19.667932           
78.000000           1.997498            19.667932           
78.000000           1.997498            19.667932           
79.000000           1.997340            19.492404           
79.000000           1.997340            19.492404           
80.000000           1.997300            19.200693           
80.000000           1.997300            19.200693           
81.000000           1.997221            18.842952           
81.000000           1.997221            18.842952           
82.000000           1.997204            18.490088           
82.000000           1.997204            18.490088           
82.000000           1.997204            18.490088           
83.000000           1.997044            18.939625           
83.000000           1.997044            18.939625           
83.000000           1.997044            18.939625           
83.000000           1.997044            18.939625           
83.000000           1.997044            18.939625           
84.000000           1.996804            19.043972           
84.000000           1.996804            19.043972           
84.000000           1.996804            19.043972           
84.000000           1.996804            19.043972           
84.000000           1.996804            19.043972           
85.000000           1.996590            21.274047           
85.000000           1.996590            21.274047           
85.000000           1.996590            21.274047           
85.000000           1.996590            21.274047           
86.000000           1.996402            22.713858           
86.000000           1.996402            22.713858           
86.000000           1.996402            22.713858           
86.000000           1.996402            22.713858           
86.000000           1.996402            22.713858           
87.000000           1.996397            23.367872           
87.000000           1.996397            23.367872           
87.000000           1.996397            23.367872           
87.000000           1.996397            23.367872           
88.000000           1.996372            23.496889           
88.000000           1.996372            23.496889           
88.000000           1.996372            23.496889           
88.000000           1.996372            23.496889           
88.000000           1.996372            23.496889           
89.000000           1.996273            23.979772           
89.000000           1.996273            23.979772           
89.000000           1.996273            23.979772           
89.000000           1.996273            23.979772           
89.000000           1.996273            23.979772           
89.000000           1.996273            23.979772           
89.000000           1.996273            23.979772           
89.000000           1.996273            23.979772           
89.000000           1.996273            23.979772           
89.000000           1.996273            23.979772           


#745s 745066ms 745066263us 
Initial digital shape size: 11527 pixels.