#Image: triangle
#
#Iteration           	Opt. Energy         	Elastica MDCA       	Perimeter           	Unlabeled           	Area                	Perimeter^2/Area    	Elastica II         	
0                   	-1.000000           	10.002135           	102.749665          	1329170128.000000   	519.687500          	20.315081           	3.009332            		
1                   	-26.750471          	12.968133           	100.873357          	0.000000            	520.312500          	19.556390           	2.695124            		
2                   	-24.354394          	14.133923           	98.602346           	0.000000            	520.312500          	18.685737           	2.372409            		
3                   	-26.455025          	8.734501            	96.215701           	0.000000            	520.437500          	17.787844           	1.992499            		
4                   	-29.580000          	8.157437            	94.809725           	0.000000            	521.437500          	17.238660           	1.768514            		
5                   	-28.892693          	4.566033            	93.273748           	0.000000            	521.437500          	16.684631           	1.598505            		
6                   	-37.392424          	4.181050            	92.305201           	0.000000            	521.125000          	16.349724           	1.481592            		
7                   	-35.617063          	2.318676            	91.223439           	0.000000            	520.437500          	15.989847           	1.382015            		
8                   	-40.548674          	1.979181            	90.360288           	0.000000            	519.875000          	15.705663           	1.304381            		
9                   	-38.556722          	2.471756            	89.465502           	0.000000            	518.062500          	15.450020           	1.243528            		
10                  	-42.116547          	1.740555            	88.625041           	0.000000            	516.812500          	15.197771           	1.164585            		
11                  	-39.188236          	1.686487            	87.723448           	0.000000            	514.250000          	14.964324           	1.116277            		
12                  	-38.674783          	1.250243            	86.878697           	0.000000            	511.312500          	14.761829           	1.069636            		
13                  	-39.048885          	1.117633            	86.117438           	0.000000            	508.500000          	14.584490           	1.022897            		
14                  	-47.170159          	1.039464            	85.453328           	0.000000            	505.562500          	14.443855           	0.989325            		
15                  	-51.954059          	2.471558            	85.005714           	0.000000            	502.312500          	14.385410           	0.961798            		
16                  	-58.729479          	0.920877            	84.103477           	0.000000            	499.500000          	14.160951           	0.926173            		
17                  	-52.588072          	1.346616            	83.559655           	0.000000            	495.687500          	14.085923           	0.905164            		
18                  	-50.674637          	0.943166            	82.964040           	0.000000            	492.125000          	13.986349           	0.879747            		
19                  	-42.655119          	5.149894            	82.407685           	0.000000            	488.062500          	13.914256           	0.859478            		
20                  	-50.379255          	1.595769            	81.835871           	0.000000            	484.750000          	13.815595           	0.843039            		
21                  	-59.561808          	1.097025            	81.176379           	0.000000            	481.500000          	13.685575           	0.818675            		
22                  	-54.315164          	0.821864            	80.741150           	0.000000            	477.875000          	13.641922           	0.806226            		
23                  	-49.155415          	3.770625            	80.323014           	0.000000            	474.062500          	13.609569           	0.802387            		
24                  	-51.704290          	4.894856            	79.780441           	0.000000            	471.125000          	13.510042           	0.792983            		
25                  	-57.313048          	0.865104            	79.346218           	0.000000            	468.312500          	13.443635           	0.774464            		
26                  	-51.820351          	0.900542            	78.848293           	0.000000            	465.187500          	13.364618           	0.764028            		
27                  	-43.161656          	9.773569            	78.701781           	0.000000            	462.375000          	13.395989           	0.762530            		
28                  	-48.857703          	1.631986            	78.085993           	0.000000            	458.625000          	13.295006           	0.743907            		
29                  	-48.341447          	0.788861            	77.444518           	0.000000            	454.250000          	13.203420           	0.735142            		
30                  	-38.719058          	2.719478            	77.053044           	0.000000            	450.562500          	13.177243           	0.736691            		
31                  	-50.651195          	4.457219            	76.681959           	0.000000            	447.125000          	13.150960           	0.721796            		
32                  	-42.595544          	4.147091            	76.253260           	0.000000            	443.875000          	13.099543           	0.707727            		
33                  	-42.380474          	3.250907            	75.967387           	0.000000            	441.000000          	13.086267           	0.704714            		
34                  	-38.809693          	5.823638            	75.597765           	0.000000            	437.937500          	13.049858           	0.703740            		
35                  	-53.060070          	2.520330            	75.205169           	0.000000            	435.812500          	12.977639           	0.695416            		
36                  	-45.791759          	6.790699            	74.996758           	0.000000            	433.000000          	12.989639           	0.696680            		
37                  	-45.236086          	1.618290            	74.656316           	0.000000            	431.187500          	12.926083           	0.681173            		
38                  	-45.078940          	1.778041            	74.232411           	0.000000            	427.437500          	12.891828           	0.671339            		
39                  	-41.206402          	2.581345            	73.954975           	0.000000            	425.125000          	12.865248           	0.672383            		
40                  	-45.506134          	6.386662            	73.680039           	0.000000            	422.375000          	12.852911           	0.676398            		
41                  	-40.423258          	1.624584            	73.382536           	0.000000            	420.687500          	12.800467           	0.659082            		
42                  	-50.086382          	3.181221            	73.164222           	0.000000            	418.375000          	12.794750           	0.659695            		
43                  	-43.684014          	2.808704            	73.157338           	0.000000            	416.812500          	12.840296           	0.664684            		
44                  	-46.146942          	3.769660            	72.931262           	0.000000            	415.187500          	12.811005           	0.665687            		
45                  	-45.023771          	3.257087            	72.788386           	0.000000            	414.062500          	12.795530           	0.664458            		
46                  	-44.901384          	0.914974            	72.494909           	0.000000            	412.375000          	12.744497           	0.653642            		
47                  	-42.198312          	5.707424            	72.390741           	0.000000            	410.187500          	12.775668           	0.664282            		
48                  	-44.897908          	4.380750            	72.047440           	0.000000            	407.375000          	12.742150           	0.653217            		
49                  	-39.590606          	2.546308            	71.835062           	0.000000            	405.062500          	12.739457           	0.650993            		
50                  	-40.233913          	0.888853            	71.471967           	0.000000            	402.875000          	12.679472           	0.641619            		
51                  	-36.259594          	11.002041           	71.635926           	0.000000            	400.875000          	12.801262           	0.658490            		
52                  	-45.047212          	0.800233            	71.190196           	0.000000            	399.687500          	12.680016           	0.645130            		
53                  	-37.065915          	6.870471            	70.977370           	0.000000            	396.500000          	12.705642           	0.644837            		
54                  	-46.470654          	0.835017            	70.658551           	0.000000            	395.000000          	12.639572           	0.635610            		
55                  	-41.180707          	3.189099            	70.596177           	0.000000            	393.125000          	12.677444           	0.645251            		
56                  	-42.795934          	6.493050            	70.577104           	0.000000            	391.375000          	12.727250           	0.654124            		
57                  	-39.207917          	1.228115            	70.208774           	0.000000            	388.750000          	12.679799           	0.632216            		
58                  	-43.258214          	3.786498            	70.020627           	0.000000            	386.437500          	12.687403           	0.640585            		
59                  	-48.042901          	1.737248            	69.637044           	0.000000            	384.062500          	12.626377           	0.636520            		
60                  	-38.326991          	8.291510            	69.627416           	0.000000            	382.187500          	12.684813           	0.643237            		
61                  	-45.794008          	1.312948            	69.259787           	0.000000            	380.750000          	12.598603           	0.634578            		
62                  	-36.884879          	1.970783            	69.115056           	0.000000            	379.062500          	12.601856           	0.634368            		
63                  	-36.456206          	2.304127            	68.910079           	0.000000            	376.875000          	12.599931           	0.634469            		
64                  	-37.168884          	2.266782            	68.795885           	0.000000            	375.437500          	12.606290           	0.636452            		
65                  	-41.225325          	1.046330            	68.543415           	0.000000            	373.875000          	12.566231           	0.635471            		
66                  	-35.784582          	8.645472            	68.538354           	0.000000            	371.437500          	12.646828           	0.651599            		
67                  	-40.386174          	3.351974            	68.310872           	0.000000            	369.437500          	12.631028           	0.643246            		
68                  	-38.890988          	1.800813            	67.930006           	0.000000            	367.375000          	12.560696           	0.641393            		
69                  	-33.754264          	8.495072            	67.930845           	0.000000            	365.125000          	12.638411           	0.650494            		
70                  	-36.218815          	5.512559            	67.756336           	0.000000            	363.125000          	12.642812           	0.648070            		
71                  	-37.871719          	2.841244            	67.474768           	0.000000            	361.812500          	12.583436           	0.645227            		
72                  	-39.236928          	0.848329            	67.197975           	0.000000            	359.625000          	12.556324           	0.641348            		
73                  	-38.524189          	1.234244            	66.864230           	0.000000            	356.562500          	12.538686           	0.644334            		
74                  	-37.887443          	5.358309            	66.892395           	0.000000            	355.062500          	12.602267           	0.654308            		
75                  	-47.279029          	0.743063            	66.600862           	0.000000            	354.000000          	12.530155           	0.643725            		
76                  	-34.066989          	3.296558            	66.538516           	0.000000            	351.562500          	12.593420           	0.655329            		
77                  	-35.376390          	3.721874            	66.464577           	0.000000            	350.312500          	12.610284           	0.663455            		
78                  	-48.914664          	1.113636            	66.120633           	0.000000            	348.437500          	12.547266           	0.649528            		
79                  	-34.501137          	2.376514            	66.113674           	0.000000            	346.250000          	12.623879           	0.661050            		
80                  	-36.309169          	7.012971            	65.977210           	0.000000            	344.625000          	12.631098           	0.676291            		
81                  	-42.065382          	2.791747            	65.802043           	0.000000            	343.375000          	12.609855           	0.667678            		
82                  	-39.893499          	4.709919            	65.654040           	0.000000            	341.312500          	12.629051           	0.671050            		
83                  	-38.518882          	5.194199            	65.491735           	0.000000            	339.812500          	12.622159           	0.672103            		
84                  	-36.598191          	3.999053            	65.129030           	0.000000            	337.312500          	12.575255           	0.671435            		
85                  	-38.117516          	5.382504            	64.881698           	0.000000            	334.875000          	12.570764           	0.664596            		
86                  	-37.891462          	3.351582            	64.659673           	0.000000            	332.375000          	12.578784           	0.670985            		
87                  	-40.538730          	6.024522            	64.620552           	0.000000            	330.062500          	12.651591           	0.678760            		
88                  	-34.293645          	3.363779            	64.358143           	0.000000            	327.500000          	12.647238           	0.674182            		
89                  	-32.614652          	2.870736            	64.022265           	0.000000            	325.500000          	12.592475           	0.677543            		
90                  	-37.214136          	4.842779            	64.068544           	0.000000            	324.312500          	12.656861           	0.690291            		
91                  	-39.798331          	1.076808            	63.562999           	0.000000            	322.000000          	12.547375           	0.678208            		
92                  	-30.026994          	12.164517           	63.417261           	0.000000            	318.625000          	12.622202           	0.691586            		
93                  	-31.856629          	2.665127            	63.053430           	0.000000            	316.125000          	12.576465           	0.686000            		
94                  	-40.137048          	1.740225            	62.775033           	0.000000            	313.937500          	12.552514           	0.681679            		
95                  	-31.553500          	8.372551            	62.786191           	0.000000            	311.625000          	12.650159           	0.701918            		
96                  	-34.803409          	1.722357            	62.297757           	0.000000            	309.687500          	12.532022           	0.690905            		
97                  	-37.577040          	4.687713            	62.259483           	0.000000            	308.000000          	12.585205           	0.693859            		
98                  	-34.362091          	4.983605            	62.165462           	0.000000            	305.625000          	12.644727           	0.701023            		
99                  	-34.669070          	1.379101            	61.716555           	0.000000            	302.875000          	12.575925           	0.697401            		
100                 	-33.305844          	4.548767            	61.756536           	0.000000            	300.812500          	12.678561           	0.705509            		
101                 	-34.352101          	1.265315            	61.195693           	0.000000            	298.312500          	12.553657           	0.698195            		
102                 	-30.796732          	2.595690            	61.112583           	0.000000            	296.000000          	12.617391           	0.704048            		
103                 	-31.787105          	1.087806            	60.669735           	0.000000            	293.562500          	12.538443           	0.706503            		
104                 	-32.091088          	4.491073            	60.574031           	0.000000            	290.875000          	12.614399           	0.718421            		
105                 	-35.958312          	1.775174            	60.255794           	0.000000            	288.750000          	12.574063           	0.718663            		
106                 	-32.920567          	1.196897            	59.900056           	0.000000            	286.312500          	12.531820           	0.713559            		
107                 	-27.756697          	5.562557            	59.878164           	0.000000            	283.875000          	12.630188           	0.732349            		
108                 	-34.987992          	1.086000            	59.444503           	0.000000            	281.437500          	12.555715           	0.727728            		
109                 	-33.631329          	3.043093            	59.186527           	0.000000            	278.125000          	12.595218           	0.730462            		
110                 	-29.431024          	7.887724            	59.048365           	0.000000            	275.312500          	12.664552           	0.741016            		
111                 	-31.831541          	1.314731            	58.542171           	0.000000            	273.437500          	12.533708           	0.725844            		
112                 	-28.405506          	1.823217            	58.267754           	0.000000            	270.500000          	12.551317           	0.728565            		
113                 	-27.257408          	1.669690            	57.835568           	0.000000            	266.875000          	12.533781           	0.733147            		
114                 	-27.664428          	6.893725            	57.594307           	0.000000            	263.687500          	12.579680           	0.761062            		
115                 	-28.573832          	4.018004            	57.315236           	0.000000            	261.500000          	12.562280           	0.754702            		
116                 	-31.458477          	2.233762            	57.060272           	0.000000            	258.500000          	12.595260           	0.761343            		
117                 	-29.929870          	1.619974            	56.712008           	0.000000            	256.000000          	12.563484           	0.759888            		
118                 	-33.708512          	0.863651            	56.400597           	0.000000            	254.062500          	12.520649           	0.760643            		
119                 	-30.479535          	1.816322            	56.141884           	0.000000            	251.000000          	12.557415           	0.758232            		
120                 	-24.969726          	4.851558            	55.890833           	0.000000            	248.375000          	12.576891           	0.779624            		
121                 	-25.600989          	2.212261            	55.583967           	0.000000            	245.250000          	12.597665           	0.787261            		
122                 	-30.092500          	11.154393           	55.293242           	0.000000            	241.687500          	12.649982           	0.798810            		
123                 	-26.857044          	1.035047            	54.812019           	0.000000            	239.875000          	12.524679           	0.781191            		
124                 	-26.200833          	1.218868            	54.667705           	0.000000            	237.687500          	12.573475           	0.780846            		
125                 	-28.791795          	5.049000            	54.222478           	0.000000            	233.250000          	12.604832           	0.799121            		
126                 	-23.668733          	3.461062            	53.821102           	0.000000            	230.125000          	12.587555           	0.796931            		
127                 	-26.417725          	1.021802            	53.569907           	0.000000            	228.437500          	12.562451           	0.795947            		
128                 	-25.114893          	1.293501            	53.159707           	0.000000            	225.000000          	12.559797           	0.805415            		
129                 	-22.899109          	5.777084            	52.768467           	0.000000            	221.500000          	12.571156           	0.822028            		
130                 	-22.241950          	2.025085            	52.403142           	0.000000            	218.375000          	12.575108           	0.822313            		
131                 	-28.591617          	1.281005            	52.111899           	0.000000            	215.687500          	12.590669           	0.826500            		
132                 	-26.276432          	2.868134            	51.581189           	0.000000            	212.500000          	12.520560           	0.829674            		
133                 	-25.301352          	6.751419            	51.348515           	0.000000            	208.562500          	12.642110           	0.849347            		
134                 	-22.635368          	0.976661            	50.780657           	0.000000            	205.937500          	12.521639           	0.843266            		
135                 	-23.595415          	1.284624            	50.578479           	0.000000            	202.812500          	12.613535           	0.850986            		
136                 	-19.991851          	6.491388            	50.172340           	0.000000            	199.437500          	12.621817           	0.868348            		
137                 	-22.545662          	1.297536            	49.570244           	0.000000            	196.062500          	12.532785           	0.859890            		
138                 	-22.467795          	3.805493            	49.197559           	0.000000            	192.125000          	12.598047           	0.881305            		
139                 	-21.123221          	5.387877            	48.727267           	0.000000            	188.375000          	12.604361           	0.893483            		
140                 	-19.194329          	1.225304            	48.240004           	0.000000            	186.187500          	12.498680           	0.885846            		
141                 	-24.360860          	1.629407            	47.880358           	0.000000            	182.812500          	12.540328           	0.897171            		
142                 	-23.349301          	2.042743            	47.443192           	0.000000            	179.437500          	12.543958           	0.917164            		
143                 	-23.178039          	3.443909            	46.998334           	0.000000            	176.125000          	12.541340           	0.913373            		
144                 	-18.716925          	6.095120            	46.515235           	0.000000            	172.000000          	12.579460           	0.932746            		
145                 	-19.037688          	0.993784            	45.846599           	0.000000            	168.187500          	12.497425           	0.929975            		
146                 	-19.214286          	6.001820            	45.530608           	0.000000            	163.812500          	12.654933           	0.966351            		
147                 	-17.989257          	1.134853            	44.746687           	0.000000            	159.812500          	12.528844           	0.962171            		
148                 	-15.018559          	2.906922            	44.061162           	0.000000            	155.187500          	12.509938           	0.981261            		
149                 	-16.214048          	2.547925            	43.541504           	0.000000            	150.937500          	12.560580           	0.998266            		
150                 	-16.417893          	4.192071            	42.941414           	0.000000            	146.312500          	12.602922           	1.007985            		
151                 	-15.136665          	1.625567            	42.089036           	0.000000            	141.687500          	12.502775           	1.025686            		
152                 	-14.300816          	1.024469            	41.325505           	0.000000            	137.187500          	12.448637           	1.040482            		
153                 	-14.247273          	0.997952            	40.585359           	0.000000            	132.125000          	12.466765           	1.058023            		
154                 	-10.536353          	1.125389            	39.765301           	0.000000            	126.937500          	12.457147           	1.086297            		
155                 	-11.676475          	1.043870            	38.906153           	0.000000            	121.562500          	12.451938           	1.104888            		
156                 	-8.906874           	1.021420            	38.114587           	0.000000            	116.687500          	12.449678           	1.135122            		
157                 	-10.745092          	1.085921            	37.175125           	0.000000            	111.500000          	12.394528           	1.160629            		
158                 	-7.232078           	1.098251            	36.418947           	0.000000            	106.500000          	12.453894           	1.192895            		
159                 	-9.335620           	1.113719            	35.643010           	0.000000            	101.687500          	12.493415           	1.223823            		
160                 	-6.752381           	1.155376            	34.727043           	0.000000            	96.812500           	12.456734           	1.258097            		
161                 	-7.579746           	1.176764            	33.831953           	0.000000            	92.250000           	12.407599           	1.296673            		
162                 	-6.751847           	1.210013            	32.902396           	0.000000            	87.125000           	12.425454           	1.337900            		
163                 	-7.110131           	1.232463            	32.051115           	0.000000            	82.625000           	12.432968           	1.381691            		
164                 	-5.703416           	1.355800            	31.136382           	0.000000            	78.000000           	12.429157           	1.439348            		
165                 	-4.921630           	1.294956            	30.257520           	0.000000            	73.687500           	12.424326           	1.487064            		
166                 	-5.502321           	1.406407            	29.357001           	0.000000            	69.500000           	12.400482           	1.534720            		
167                 	-4.961117           	1.423741            	28.421509           	0.000000            	64.937500           	12.439379           	1.618944            		
168                 	-4.705658           	1.439170            	27.299272           	0.000000            	60.625000           	12.292788           	1.677075            		
169                 	-2.863641           	1.509106            	26.295560           	0.000000            	55.937500           	12.361233           	1.790657            		
170                 	-1.870586           	1.581213            	25.221979           	0.000000            	51.750000           	12.292720           	1.885855            		
171                 	-2.231669           	1.629764            	24.078372           	0.000000            	47.312500           	12.254013           	2.017326            		
172                 	-0.567908           	1.750386            	22.974240           	0.000000            	42.750000           	12.346566           	2.245630            		
173                 	-0.807168           	1.754383            	21.821110           	0.000000            	38.625000           	12.327789           	2.569226            		
174                 	-1.611583           	1.869437            	20.521933           	0.000000            	34.687500           	12.141253           	2.830893            		
175                 	-1.334286           	2.008373            	19.348606           	0.000000            	30.687500           	12.199382           	3.171752            		
176                 	-0.317766           	2.090522            	18.154945           	0.000000            	27.312500           	12.067809           	3.471699            		
177                 	0.120000            	2.293328            	16.815675           	0.000000            	23.312500           	12.129412           	3.767416            		
178                 	0.108571            	2.461501            	15.408593           	0.000000            	19.562500           	12.136728           	3.922103            		
179                 	0.097143            	2.728455            	14.101291           	0.000000            	16.062500           	12.379542           	4.104251            		
180                 	0.085714            	2.622822            	12.498091           	0.000000            	12.812500           	12.191397           	3.950081            		
181                 	0.074286            	2.758097            	10.854382           	0.000000            	9.812500            	12.006890           	3.770446            		
182                 	0.062857            	3.660584            	9.433514            	0.000000            	7.312500            	12.169735           	3.610234            		
183                 	0.051429            	4.270555            	8.056577            	0.000000            	5.062500            	12.821420           	3.169872            		
184                 	0.040000            	5.772073            	6.260471            	0.000000            	3.062500            	12.797876           	2.533388            		
185                 	0.028571            	7.763020            	4.040569            	0.000000            	1.562500            	10.448769           	1.872217            		


#36s 36942ms 36942097us 
