Iteration           EnergyValue II      EnergyValue MDCA    
0.000000            8.950638            8.194113            
1.000000            8.762389            8.459497            
2.000000            8.623938            8.287959            
3.000000            8.456416            8.459395            
4.000000            8.275973            8.557037            
5.000000            8.109361            8.454245            
6.000000            7.953940            8.492452            
7.000000            7.847237            8.354817            
8.000000            7.766519            8.359791            
9.000000            7.687811            8.896456            
10.000000           7.608578            8.717931            
11.000000           7.522106            8.782254            
12.000000           7.448029            9.059554            
13.000000           7.362195            8.979899            
14.000000           7.266725            8.640375            
15.000000           7.182128            9.085415            
16.000000           7.136943            9.058482            
17.000000           7.076088            8.663192            
18.000000           7.031028            9.114009            
19.000000           6.962337            8.914423            
20.000000           6.912782            8.174945            
21.000000           6.859105            8.408058            
22.000000           6.790567            8.291095            
23.000000           6.718358            8.378465            
24.000000           6.638563            8.620425            
25.000000           6.561456            8.607227            
26.000000           6.511934            8.955569            
27.000000           6.486763            8.445191            
28.000000           6.446018            8.422693            
29.000000           6.402079            8.522401            
30.000000           6.367249            8.445629            
31.000000           6.316694            8.417576            
32.000000           6.243781            8.103433            
33.000000           6.147904            7.761595            
34.000000           6.089912            7.909664            
35.000000           6.078893            8.003866            
36.000000           6.006887            7.918308            
37.000000           5.950044            7.947319            
38.000000           5.946770            7.993070            
38.000000           5.946770            7.993070            
39.000000           5.895521            8.388808            
40.000000           5.844967            8.490192            
41.000000           5.769045            8.146971            
42.000000           5.768084            8.143847            
43.000000           5.695112            8.325993            
44.000000           5.641924            8.392610            
45.000000           5.602025            8.769204            
46.000000           5.601928            9.003339            
47.000000           5.504971            9.235470            
48.000000           5.432113            8.848624            
49.000000           5.376286            9.367935            
50.000000           5.296093            9.307851            
51.000000           5.095053            9.440566            
52.000000           4.899242            9.340254            
53.000000           4.735200            9.320132            
54.000000           4.626858            9.180401            
55.000000           4.590469            9.585539            
56.000000           4.574571            9.339485            
56.000000           4.574571            9.339485            
57.000000           4.521334            9.012581            
57.000000           4.521334            9.012581            
58.000000           4.473406            8.927669            
59.000000           4.443329            8.137104            
60.000000           4.417952            8.139674            
61.000000           4.400777            8.269999            
62.000000           4.355260            8.197948            
63.000000           4.342513            8.053058            
64.000000           4.333899            7.849419            
65.000000           4.316920            8.359165            
66.000000           4.305344            8.300089            
67.000000           4.242969            8.070137            
67.000000           4.242969            8.070137            
68.000000           4.209682            8.048321            
68.000000           4.209682            8.048321            
69.000000           4.176174            7.898144            
70.000000           4.163568            7.949742            
70.000000           4.163568            7.949742            
71.000000           4.129518            8.001537            
71.000000           4.129518            8.001537            
72.000000           4.101939            7.822067            
73.000000           4.094462            8.064586            
74.000000           4.069010            8.048395            
75.000000           4.037392            7.625926            
76.000000           4.032443            7.105195            
76.000000           4.032443            7.105195            
77.000000           3.996446            7.232997            
77.000000           3.996446            7.232997            
78.000000           3.966058            7.326574            
79.000000           3.964417            7.451110            
80.000000           3.924885            7.461541            
81.000000           3.908020            7.441888            
82.000000           3.902195            7.721095            
83.000000           3.898982            7.349694            
84.000000           3.896952            6.920596            
84.000000           3.896952            6.920596            
85.000000           3.866045            6.743453            
86.000000           3.864912            6.776920            
87.000000           3.864183            7.186078            
88.000000           3.859844            7.240536            
88.000000           3.859844            7.240536            
89.000000           3.810052            7.255661            
89.000000           3.810052            7.255661            
90.000000           3.782401            7.173849            
90.000000           3.782401            7.173849            
91.000000           3.744111            7.288862            
91.000000           3.744111            7.288862            
92.000000           3.717853            7.415324            
92.000000           3.717853            7.415324            
93.000000           3.692728            7.435985            
94.000000           3.658810            7.645504            
94.000000           3.658810            7.645504            
95.000000           3.627929            7.550896            
95.000000           3.627929            7.550896            
96.000000           3.603586            7.653076            
97.000000           3.603489            7.503600            
97.000000           3.603489            7.503600            
98.000000           3.586401            7.531379            
99.000000           3.568409            7.653037            
99.000000           3.568409            7.653037            
100.000000          3.520199            7.557537            
101.000000          3.473225            7.378849            
101.000000          3.473225            7.378849            
102.000000          3.436760            7.442660            
103.000000          3.426816            7.445292            
103.000000          3.426816            7.445292            
104.000000          3.398503            7.730755            
105.000000          3.398167            7.986615            
106.000000          3.380286            7.824031            
107.000000          3.347504            7.689096            
107.000000          3.347504            7.689096            
108.000000          3.331220            7.540080            
109.000000          3.317518            7.712210            
110.000000          3.313907            8.014597            
110.000000          3.313907            8.014597            
111.000000          3.288638            8.520730            
112.000000          3.286789            7.940837            
112.000000          3.286789            7.940837            
113.000000          3.264250            8.334728            
114.000000          3.257868            8.286452            
115.000000          3.251968            8.404149            
115.000000          3.251968            8.404149            
116.000000          3.231316            8.307360            
117.000000          3.230454            8.884507            
117.000000          3.230454            8.884507            
118.000000          3.216054            8.873170            
119.000000          3.213526            9.069751            
119.000000          3.213526            9.069751            
120.000000          3.200572            9.044648            
120.000000          3.200572            9.044648            
121.000000          3.195244            8.571868            
121.000000          3.195244            8.571868            
122.000000          3.171472            8.506380            
123.000000          3.163858            8.573460            
124.000000          3.159615            8.611131            
124.000000          3.159615            8.611131            
125.000000          3.144254            8.326731            
125.000000          3.144254            8.326731            
126.000000          3.129644            8.158544            
127.000000          3.108784            8.060942            
127.000000          3.108784            8.060942            
128.000000          3.069632            8.421525            
129.000000          3.055603            8.747818            
130.000000          3.044164            8.342090            
131.000000          3.017195            8.131800            
132.000000          2.884540            8.872425            
133.000000          2.829470            8.604292            
134.000000          2.778313            8.220480            
135.000000          2.740753            8.276018            
136.000000          2.713237            8.549335            
137.000000          2.685474            8.675519            
138.000000          2.662101            8.674015            
139.000000          2.635916            8.482755            
140.000000          2.615718            8.521237            
141.000000          2.603615            9.137077            
142.000000          2.590457            8.702215            
143.000000          2.579154            8.644662            
144.000000          2.566789            8.617403            
145.000000          2.553341            8.525661            
146.000000          2.542468            8.358434            
147.000000          2.532643            8.562348            
148.000000          2.528170            9.292823            
149.000000          2.522931            8.233938            
150.000000          2.503376            7.808979            
151.000000          2.499280            7.622548            
152.000000          2.497802            7.630289            
153.000000          2.495734            7.743454            
154.000000          2.493072            7.509881            
155.000000          2.490187            7.774975            
155.000000          2.490187            7.774975            
156.000000          2.419093            8.042863            
157.000000          2.410090            8.236394            
157.000000          2.410090            8.236394            
158.000000          2.303724            8.207707            
159.000000          2.303005            7.881612            
160.000000          2.300724            7.599504            
161.000000          2.297966            7.555685            
162.000000          2.295998            7.478183            
163.000000          2.293407            7.347420            
163.000000          2.293407            7.347420            
164.000000          2.256705            6.653400            
165.000000          2.253393            6.673869            
165.000000          2.253393            6.673869            
166.000000          2.237883            6.836571            
166.000000          2.237883            6.836571            
167.000000          2.223272            6.865911            
168.000000          2.222134            7.013118            
168.000000          2.222134            7.013118            
169.000000          2.216020            7.098681            
170.000000          2.215815            6.853995            
171.000000          2.215096            6.908063            
172.000000          2.210389            6.864175            
172.000000          2.210389            6.864175            
173.000000          2.204247            6.832204            
173.000000          2.204247            6.832204            
174.000000          2.200025            6.967743            
174.000000          2.200025            6.967743            
174.000000          2.200025            6.967743            
175.000000          2.186715            6.829518            
175.000000          2.186715            6.829518            
176.000000          2.185950            6.315150            
176.000000          2.185950            6.315150            
177.000000          2.181107            6.415486            
177.000000          2.181107            6.415486            
178.000000          2.180992            6.427117            
178.000000          2.180992            6.427117            
179.000000          2.180424            6.195785            
179.000000          2.180424            6.195785            
179.000000          2.180424            6.195785            
180.000000          2.175330            6.441629            
180.000000          2.175330            6.441629            
181.000000          2.175043            6.744563            
181.000000          2.175043            6.744563            
182.000000          2.170772            7.080285            
183.000000          2.170126            6.880390            
183.000000          2.170126            6.880390            
184.000000          2.166101            6.979857            
184.000000          2.166101            6.979857            
185.000000          2.165623            6.956335            
185.000000          2.165623            6.956335            
185.000000          2.165623            6.956335            
186.000000          2.161694            7.396424            
186.000000          2.161694            7.396424            
186.000000          2.161694            7.396424            
187.000000          2.156985            7.348324            
187.000000          2.156985            7.348324            
188.000000          2.156962            7.105715            
188.000000          2.156962            7.105715            
189.000000          2.150725            6.972775            
189.000000          2.150725            6.972775            
190.000000          2.149563            6.780265            
190.000000          2.149563            6.780265            
191.000000          2.146117            6.845810            
191.000000          2.146117            6.845810            
191.000000          2.146117            6.845810            
192.000000          2.143404            7.009422            
192.000000          2.143404            7.009422            
193.000000          2.141465            6.900910            
193.000000          2.141465            6.900910            
194.000000          2.140980            6.929042            
194.000000          2.140980            6.929042            
194.000000          2.140980            6.929042            
195.000000          2.140693            7.009767            
196.000000          2.140423            7.147399            
197.000000          2.139357            7.443159            
198.000000          2.139065            7.267952            
198.000000          2.139065            7.267952            
199.000000          2.137023            7.443923            
199.000000          2.137023            7.443923            
199.000000          2.137023            7.443923            
200.000000          2.133242            7.097201            
200.000000          2.133242            7.097201            
201.000000          2.130134            6.977195            
201.000000          2.130134            6.977195            
201.000000          2.130134            6.977195            
201.000000          2.130134            6.977195            
201.000000          2.130134            6.977195            
201.000000          2.130134            6.977195            


#243s 243135ms 243135601us 
Initial digital shape size: 7481 pixels.