0.000000            12.173392           
1.000000            9.822599            
2.000000            6.883356            
3.000000            5.751201            
4.000000            4.794763            
5.000000            4.187093            
6.000000            3.392712            
7.000000            2.786071            
8.000000            2.269887            
9.000000            1.870828            
10.000000           1.584521            
11.000000           1.355041            
12.000000           1.188693            
13.000000           1.064798            
14.000000           0.954300            
15.000000           0.871587            
16.000000           0.810378            
17.000000           0.760785            
18.000000           0.714017            
19.000000           0.677071            
20.000000           0.655442            
21.000000           0.631257            
22.000000           0.615398            
23.000000           0.604268            
24.000000           0.587998            
25.000000           0.573344            
26.000000           0.568328            
27.000000           0.560259            
28.000000           0.548471            
29.000000           0.542010            
30.000000           0.539039            
31.000000           0.533060            
32.000000           0.525508            
33.000000           0.522290            
34.000000           0.520895            
35.000000           0.518017            
36.000000           0.505416            
37.000000           0.505791            
38.000000           0.504144            
39.000000           0.504951            
40.000000           0.499334            
41.000000           0.497186            
42.000000           0.494454            
43.000000           0.495753            
44.000000           0.487278            
45.000000           0.487100            
46.000000           0.487902            
47.000000           0.486599            
48.000000           0.483083            
49.000000           0.481063            
50.000000           0.479210            
51.000000           0.478330            
52.000000           0.478309            
53.000000           0.480625            
54.000000           0.470892            
55.000000           0.473136            
56.000000           0.472421            
57.000000           0.470229            
58.000000           0.471447            
59.000000           0.465869            
60.000000           0.467508            
61.000000           0.467537            
62.000000           0.461733            
63.000000           0.464022            
64.000000           0.465726            
65.000000           0.462446            
66.000000           0.461533            
67.000000           0.459832            
68.000000           0.459148            
69.000000           0.462709            
70.000000           0.462679            
71.000000           0.455825            
72.000000           0.455576            
73.000000           0.456968            
74.000000           0.456675            
75.000000           0.458774            
76.000000           0.457065            
77.000000           0.452383            
78.000000           0.453797            
79.000000           0.455015            
80.000000           0.451357            
81.000000           0.452808            
82.000000           0.456022            
83.000000           0.452331            
84.000000           0.448144            
85.000000           0.449641            
86.000000           0.451894            
87.000000           0.450445            
88.000000           0.452267            
89.000000           0.453444            
90.000000           0.446718            
91.000000           0.446007            
92.000000           0.450374            
93.000000           0.448819            
94.000000           0.449014            
95.000000           0.450214            
96.000000           0.445806            
97.000000           0.445235            
98.000000           0.444952            
99.000000           0.446596            
100.000000          0.446895            
101.000000          0.449548            
102.000000          0.447030            
103.000000          0.440607            
104.000000          0.443744            
105.000000          0.447060            
106.000000          0.444577            
107.000000          0.444641            
108.000000          0.449380            
109.000000          0.442157            
110.000000          0.440874            
111.000000          0.443438            
112.000000          0.445366            
113.000000          0.444648            
114.000000          0.445455            
115.000000          0.442576            
116.000000          0.440068            
117.000000          0.442126            
118.000000          0.444740            
119.000000          0.445110            
120.000000          0.443812            
121.000000          0.441109            
122.000000          0.440878            
123.000000          0.442775            
124.000000          0.442709            
125.000000          0.442197            
126.000000          0.444236            
127.000000          0.442804            
128.000000          0.440231            
129.000000          0.440071            
130.000000          0.443576            
131.000000          0.444117            
132.000000          0.445939            
133.000000          0.438170            
134.000000          0.440260            
135.000000          0.441074            
136.000000          0.444373            
137.000000          0.442347            
138.000000          0.440260            
139.000000          0.440101            
140.000000          0.441159            
141.000000          0.441155            
142.000000          0.443452            
143.000000          0.442868            
144.000000          0.438509            
145.000000          0.439746            
146.000000          0.441448            
147.000000          0.441352            
148.000000          0.443841            
149.000000          0.438307            
150.000000          0.439224            
151.000000          0.440262            
152.000000          0.440600            
153.000000          0.443477            
154.000000          0.439829            
155.000000          0.437066            
156.000000          0.440350            
157.000000          0.443906            
158.000000          0.441389            
159.000000          0.437679            
160.000000          0.441022            
161.000000          0.440188            
162.000000          0.438920            
163.000000          0.440459            
164.000000          0.443163            
165.000000          0.440173            
166.000000          0.437364            
167.000000          0.441453            
168.000000          0.440186            
169.000000          0.442738            
170.000000          0.440930            
171.000000          0.440652            
172.000000          0.439857            
173.000000          0.444173            
174.000000          0.442124            
175.000000          0.437120            
176.000000          0.438824            
177.000000          0.441487            
178.000000          0.442743            
179.000000          0.437866            
180.000000          0.440761            
181.000000          0.440398            
182.000000          0.440655            
183.000000          0.444258            
184.000000          0.438242            
185.000000          0.437337            
186.000000          0.440259            
187.000000          0.444286            
188.000000          0.440607            
189.000000          0.437706            
190.000000          0.438771            
191.000000          0.440707            
192.000000          0.442701            
193.000000          0.440015            
194.000000          0.436383            
195.000000          0.439463            
196.000000          0.440458            
197.000000          0.443449            
198.000000          0.437441            
199.000000          0.438810            
200.000000          0.439639            
201.000000          0.441423            
202.000000          0.441119            
203.000000          0.436751            
204.000000          0.440000            
205.000000          0.438979            
206.000000          0.441010            
207.000000          0.442713            
208.000000          0.437587            
209.000000          0.437621            
210.000000          0.440884            
211.000000          0.440433            
212.000000          0.441135            
213.000000          0.438883            
214.000000          0.438519            
215.000000          0.440221            
216.000000          0.440059            
217.000000          0.441111            
218.000000          0.438214            
219.000000          0.440904            
220.000000          0.438312            
221.000000          0.440479            
222.000000          0.441462            
223.000000          0.437290            
224.000000          0.437866            
225.000000          0.440082            
226.000000          0.440951            
227.000000          0.438423            
228.000000          0.440568            
229.000000          0.436186            
230.000000          0.439281            
231.000000          0.443343            
232.000000          0.437075            
233.000000          0.438389            
234.000000          0.438254            
235.000000          0.439860            
236.000000          0.442251            
237.000000          0.439423            
238.000000          0.435880            
239.000000          0.437398            
240.000000          0.441668            
241.000000          0.442417            
242.000000          0.436112            
243.000000          0.438111            
244.000000          0.441180            
245.000000          0.440060            
246.000000          0.439641            
247.000000          0.437345            
248.000000          0.439733            
249.000000          0.437957            
250.000000          0.442306            
251.000000          0.439968            
252.000000          0.436970            
253.000000          0.439072            
254.000000          0.440283            
255.000000          0.440299            
256.000000          0.440437            
257.000000          0.439335            
258.000000          0.436830            
259.000000          0.440451            
260.000000          0.442932            
261.000000          0.436918            
262.000000          0.437979            
263.000000          0.439958            
264.000000          0.440589            
265.000000          0.439397            
266.000000          0.438777            
267.000000          0.437363            
268.000000          0.440272            
269.000000          0.443121            
270.000000          0.437328            
271.000000          0.437054            
272.000000          0.438815            
273.000000          0.442098            
274.000000          0.439231            
275.000000          0.437232            
276.000000          0.438097            
277.000000          0.440387            
278.000000          0.442002            
279.000000          0.435306            
280.000000          0.437469            
281.000000          0.439929            
282.000000          0.441098            
283.000000          0.438665            
284.000000          0.436700            
285.000000          0.437245            
286.000000          0.439443            
287.000000          0.441574            
288.000000          0.437180            
289.000000          0.435265            
290.000000          0.439792            
291.000000          0.439758            
292.000000          0.439360            
293.000000          0.437626            
294.000000          0.438558            
295.000000          0.437672            
296.000000          0.441283            
297.000000          0.436856            
298.000000          0.435842            
299.000000          0.437515            
300.000000          0.440602            
301.000000          0.439690            
302.000000          0.436088            
303.000000          0.439058            
304.000000          0.438302            
305.000000          0.438917            
306.000000          0.441206            
307.000000          0.437354            
308.000000          0.436325            
309.000000          0.440592            
310.000000          0.440228            
311.000000          0.436290            
312.000000          0.438304            
313.000000          0.439852            
314.000000          0.439992            
315.000000          0.441079            
316.000000          0.437659            
317.000000          0.438045            
318.000000          0.440461            
319.000000          0.440758            
320.000000          0.435946            
321.000000          0.438519            
322.000000          0.439590            
323.000000          0.440516            
324.000000          0.438834            
325.000000          0.434809            
326.000000          0.437268            
327.000000          0.440304            
328.000000          0.440495            
329.000000          0.436168            
330.000000          0.439492            
331.000000          0.440023            
332.000000          0.439746            
333.000000          0.438649            
334.000000          0.437118            
335.000000          0.438637            
336.000000          0.441296            
337.000000          0.439885            
338.000000          0.436959            
339.000000          0.440009            
340.000000          0.439542            
341.000000          0.438628            
342.000000          0.437562            
343.000000          0.436506            
344.000000          0.438795            
345.000000          0.439881            
346.000000          0.438961            
347.000000          0.436123            
348.000000          0.437817            
349.000000          0.442350            
350.000000          0.438096            
351.000000          0.437719            
352.000000          0.437818            
353.000000          0.438343            
354.000000          0.437284            
355.000000          0.439826            
356.000000          0.436906            
357.000000          0.436709            
358.000000          0.441006            
359.000000          0.438810            
360.000000          0.436744            
361.000000          0.437146            
362.000000          0.441626            
363.000000          0.441530            
364.000000          0.439243            
365.000000          0.436228            
366.000000          0.436388            
367.000000          0.438824            
368.000000          0.439917            
369.000000          0.436375            
370.000000          0.436099            
371.000000          0.440439            
372.000000          0.437900            
373.000000          0.438159            
374.000000          0.435902            
375.000000          0.440782            
376.000000          0.437070            
377.000000          0.438453            
378.000000          0.437039            
379.000000          0.438596            
380.000000          0.438679            
381.000000          0.437065            
382.000000          0.440794            
383.000000          0.436210            
384.000000          0.437798            
385.000000          0.437519            
386.000000          0.438847            
387.000000          0.435971            
388.000000          0.439432            
389.000000          0.438265            
390.000000          0.437561            
391.000000          0.438848            
392.000000          0.439390            
393.000000          0.435620            
394.000000          0.437408            
395.000000          0.439241            
396.000000          0.437916            
397.000000          0.439531            
398.000000          0.434947            
399.000000          0.440017            
400.000000          0.438010            
#Execution time: 161s 161853ms 161853972us 
