#Image: flower
#
#Iteration           	Opt. Energy         	Elastica MDCA       	Perimeter           	Unlabeled           	Area                	Perimeter^2/Area    	Elastica II         	
0                   	-1.000000           	13.770370           	250.396749          	-129793024.000000   	1870.562500         	33.518544           	9.077571            		
1                   	-150.951949         	36.899959           	247.256984          	0.000000            	1874.937500         	32.606962           	9.107673            		
2                   	-150.788330         	26.564015           	241.224838          	0.000000            	1880.062500         	30.950792           	8.627618            		
3                   	-125.644128         	37.633589           	236.650809          	0.000000            	1883.437500         	29.734783           	8.090229            		
4                   	-129.705552         	31.225051           	231.198604          	0.000000            	1887.687500         	28.316548           	7.471274            		
5                   	-121.024241         	22.412917           	225.355140          	0.000000            	1889.750000         	26.873893           	6.822292            		
6                   	-129.886620         	32.488479           	221.866579          	0.000000            	1891.375000         	26.025922           	6.440244            		
7                   	-145.155087         	16.967489           	218.290420          	0.000000            	1892.875000         	25.173721           	6.256104            		
8                   	-128.948772         	19.094920           	214.698027          	0.000000            	1894.375000         	24.332692           	5.944587            		
9                   	-140.950561         	18.069603           	211.677055          	0.000000            	1895.750000         	23.635593           	5.757382            		
10                  	-137.686343         	25.527193           	208.808049          	0.000000            	1896.875000         	22.985595           	5.448598            		
11                  	-140.925916         	10.487722           	205.505252          	0.000000            	1898.125000         	22.249540           	5.168867            		
12                  	-131.815172         	16.689077           	202.896112          	0.000000            	1898.000000         	21.689585           	4.989650            		
13                  	-131.545111         	8.784859            	200.141078          	0.000000            	1898.750000         	21.096222           	4.760702            		
14                  	-125.979284         	16.614978           	197.600428          	0.000000            	1899.250000         	20.558604           	4.538330            		
15                  	-124.438464         	7.490376            	194.575346          	0.000000            	1899.875000         	19.927398           	4.247611            		
16                  	-121.032950         	15.901478           	192.046324          	0.000000            	1901.625000         	19.394881           	4.028397            		
17                  	-121.303908         	7.132811            	189.275677          	0.000000            	1904.625000         	18.809625           	3.776028            		
18                  	-113.116763         	8.006669            	186.870072          	0.000000            	1906.625000         	18.315308           	3.496080            		
19                  	-112.041724         	9.397959            	184.610480          	0.000000            	1907.500000         	17.866857           	3.278754            		
20                  	-114.682671         	7.701022            	182.458107          	0.000000            	1909.125000         	17.437811           	3.009198            		
21                  	-115.510039         	9.863025            	180.263416          	0.000000            	1908.625000         	17.025293           	2.756562            		
22                  	-108.244776         	9.505536            	178.436868          	0.000000            	1910.000000         	16.670008           	2.539266            		
23                  	-125.202926         	6.242750            	176.569654          	0.000000            	1911.125000         	16.313346           	2.312605            		
24                  	-129.911196         	5.863272            	174.987031          	0.000000            	1912.125000         	16.013839           	2.132139            		
25                  	-129.618309         	3.673699            	173.335114          	0.000000            	1912.625000         	15.708809           	1.951383            		
26                  	-128.435688         	6.449826            	172.086253          	0.000000            	1913.750000         	15.474163           	1.784974            		
27                  	-130.092193         	6.799369            	170.921856          	0.000000            	1914.500000         	15.259483           	1.619351            		
28                  	-134.394086         	9.361112            	169.744114          	0.000000            	1915.000000         	15.045987           	1.494660            		
29                  	-131.025429         	2.422021            	168.534220          	0.000000            	1916.125000         	14.823554           	1.345018            		
30                  	-134.495092         	5.325208            	167.707126          	0.000000            	1917.750000         	14.665978           	1.230157            		
31                  	-138.702481         	11.996425           	166.765240          	0.000000            	1919.312500         	14.489900           	1.103358            		
32                  	-127.987058         	4.644541            	165.967976          	0.000000            	1921.187500         	14.337679           	1.019947            		
33                  	-138.707583         	1.793263            	165.270018          	0.000000            	1922.312500         	14.209021           	0.936889            		
34                  	-136.516594         	4.527984            	164.478545          	0.000000            	1923.750000         	14.062738           	0.859414            		
35                  	-134.456263         	1.570548            	163.964766          	0.000000            	1925.250000         	13.964132           	0.799606            		
36                  	-133.963531         	4.183314            	163.506460          	0.000000            	1927.187500         	13.872217           	0.756165            		
37                  	-130.240668         	1.484922            	162.982873          	0.000000            	1928.375000         	13.775027           	0.707967            		
38                  	-124.596270         	5.024791            	162.646629          	0.000000            	1930.187500         	13.705366           	0.674163            		
39                  	-126.681574         	11.737631           	162.457335          	0.000000            	1932.125000         	13.659771           	0.661636            		
40                  	-125.595502         	8.900607            	162.230022          	0.000000            	1936.312500         	13.592114           	0.630708            		
41                  	-127.165000         	3.421047            	161.914073          	0.000000            	1939.875000         	13.514359           	0.594840            		
42                  	-125.687584         	12.209560           	161.803913          	0.000000            	1942.687500         	13.476437           	0.574937            		
43                  	-124.600785         	9.406364            	161.486942          	0.000000            	1945.500000         	13.404283           	0.542438            		
44                  	-128.780573         	4.824799            	161.148555          	0.000000            	1947.562500         	13.334030           	0.526280            		
45                  	-125.625141         	9.111409            	161.051605          	0.000000            	1949.125000         	13.307314           	0.512721            		
46                  	-128.857175         	4.951559            	160.778659          	0.000000            	1950.937500         	13.249926           	0.497977            		
47                  	-127.548491         	11.736146           	160.905312          	0.000000            	1952.750000         	13.258492           	0.493810            		
48                  	-130.691598         	4.790204            	160.618984          	0.000000            	1955.062500         	13.195720           	0.479762            		
49                  	-128.986779         	8.534279            	160.732681          	0.000000            	1955.750000         	13.209763           	0.466751            		
50                  	-131.425353         	7.158551            	160.705005          	0.000000            	1957.312500         	13.194673           	0.467416            		
51                  	-134.183686         	8.034279            	160.520432          	0.000000            	1957.750000         	13.161440           	0.455750            		
52                  	-132.260373         	9.254173            	160.673077          	0.000000            	1958.437500         	13.181854           	0.459054            		
53                  	-133.448431         	4.677058            	160.319954          	0.000000            	1958.625000         	13.122720           	0.444245            		
54                  	-130.435774         	4.706018            	160.318312          	0.000000            	1959.187500         	13.118684           	0.442560            		
55                  	-129.836277         	10.669980           	160.364612          	0.000000            	1959.250000         	13.125843           	0.443042            		
56                  	-135.171683         	4.707649            	160.296906          	0.000000            	1960.437500         	13.106818           	0.439115            		
57                  	-132.321435         	7.947097            	160.340361          	0.000000            	1960.000000         	13.116853           	0.438134            		
58                  	-132.219052         	6.494027            	160.352454          	0.000000            	1960.937500         	13.112559           	0.436531            		
59                  	-134.346012         	4.578453            	160.245721          	0.000000            	1961.000000         	13.094692           	0.427361            		
60                  	-129.046973         	4.804708            	160.177358          	0.000000            	1961.687500         	13.078936           	0.426022            		
61                  	-131.410242         	8.888023            	160.245688          	0.000000            	1962.250000         	13.086345           	0.430110            		
62                  	-129.833123         	4.064951            	160.189716          	0.000000            	1962.562500         	13.075122           	0.421120            		
63                  	-125.592824         	9.857463            	160.311391          	0.000000            	1962.000000         	13.098747           	0.421200            		
64                  	-131.400848         	4.069298            	160.030801          	0.000000            	1963.312500         	13.044208           	0.417153            		
65                  	-128.175780         	4.017930            	159.967902          	0.000000            	1963.125000         	13.035201           	0.413000            		
66                  	-126.366767         	7.377559            	160.087553          	0.000000            	1964.562500         	13.045156           	0.418981            		
67                  	-130.884029         	4.019308            	160.004751          	0.000000            	1964.750000         	13.030421           	0.412258            		
68                  	-126.727787         	4.070607            	159.960793          	0.000000            	1965.812500         	13.016224           	0.411898            		
69                  	-125.399015         	7.754814            	160.043805          	0.000000            	1966.000000         	13.028494           	0.411420            		
70                  	-127.417781         	4.035652            	159.979535          	0.000000            	1967.562500         	13.007694           	0.407738            		
71                  	-124.978124         	4.360176            	159.978711          	0.000000            	1967.500000         	13.007974           	0.401637            		
72                  	-124.437500         	4.036472            	160.007048          	0.000000            	1968.937500         	13.003082           	0.405152            		
73                  	-125.665725         	4.361459            	159.956013          	0.000000            	1968.250000         	12.999327           	0.401375            		
74                  	-124.160002         	4.038930            	160.011269          	0.000000            	1969.187500         	13.002117           	0.404723            		
75                  	-125.526905         	4.361476            	159.988098          	0.000000            	1968.250000         	13.004543           	0.400394            		
76                  	-124.160002         	4.038910            	160.011269          	0.000000            	1969.187500         	13.002117           	0.404783            		
77                  	-125.526905         	4.361476            	159.946264          	0.000000            	1968.250000         	12.997743           	0.399987            		
78                  	-124.160002         	4.038860            	160.116998          	0.000000            	1969.187500         	13.019305           	0.404780            		
79                  	-125.526905         	4.361459            	159.956013          	0.000000            	1968.250000         	12.999327           	0.400000            		
80                  	-124.160002         	4.038885            	160.116998          	0.000000            	1969.187500         	13.019305           	0.404776            		
81                  	-125.526905         	4.361476            	159.956013          	0.000000            	1968.250000         	12.999327           	0.399992            		
82                  	-124.160002         	4.038885            	159.970469          	0.000000            	1969.187500         	12.995487           	0.404874            		
83                  	-125.526905         	4.361476            	159.919384          	0.000000            	1968.250000         	12.993374           	0.400071            		
84                  	-124.160002         	4.038857            	160.014564          	0.000000            	1969.187500         	13.002653           	0.404783            		
85                  	-125.526905         	4.361473            	159.987018          	0.000000            	1968.250000         	13.004367           	0.399992            		
86                  	-124.160002         	4.038860            	160.014564          	0.000000            	1969.187500         	13.002653           	0.404783            		
87                  	-125.526905         	4.361095            	159.956013          	0.000000            	1968.250000         	12.999327           	0.399651            		
88                  	-124.160002         	4.039078            	159.994595          	0.000000            	1969.187500         	12.999407           	0.404931            		
89                  	-125.526905         	4.361498            	159.946264          	0.000000            	1968.250000         	12.997743           	0.399992            		
90                  	-124.160002         	4.038860            	159.994595          	0.000000            	1969.187500         	12.999407           	0.404780            		
91                  	-125.526905         	4.361392            	159.991005          	0.000000            	1968.250000         	13.005015           	0.399986            		
92                  	-124.160002         	4.038860            	160.039292          	0.000000            	1969.187500         	13.006671           	0.404783            		
93                  	-125.526905         	4.361488            	159.956013          	0.000000            	1968.250000         	12.999327           	0.399992            		
94                  	-124.160002         	4.038857            	160.115030          	0.000000            	1969.187500         	13.018985           	0.404990            		
95                  	-125.526905         	4.359361            	159.956013          	0.000000            	1968.250000         	12.999327           	0.399944            		
96                  	-124.160002         	4.038856            	160.011269          	0.000000            	1969.187500         	13.002117           	0.404779            		
97                  	-125.526905         	4.364263            	159.956013          	0.000000            	1968.250000         	12.999327           	0.400045            		
98                  	-124.160002         	4.038860            	159.994657          	0.000000            	1969.187500         	12.999417           	0.404883            		
99                  	-125.526905         	4.365744            	159.947887          	0.000000            	1968.250000         	12.998007           	0.399990            		
100                 	-124.160002         	4.038865            	160.001520          	0.000000            	1969.187500         	13.000533           	0.404767            		
101                 	-125.526905         	4.361476            	159.956013          	0.000000            	1968.250000         	12.999327           	0.399988            		
102                 	-124.160002         	4.038841            	160.000111          	0.000000            	1969.187500         	13.000304           	0.404781            		
103                 	-125.526905         	4.361538            	159.956013          	0.000000            	1968.250000         	12.999327           	0.399992            		
104                 	-124.160002         	4.039078            	159.998225          	0.000000            	1969.187500         	12.999997           	0.404521            		
105                 	-125.526905         	4.361331            	159.945025          	0.000000            	1968.250000         	12.997542           	0.399992            		
106                 	-124.160002         	4.038766            	160.050962          	0.000000            	1969.187500         	13.008568           	0.404782            		
107                 	-125.526905         	4.361500            	159.956013          	0.000000            	1968.250000         	12.999327           	0.399991            		
108                 	-124.160002         	4.038858            	160.009188          	0.000000            	1969.187500         	13.001779           	0.404751            		
109                 	-125.526905         	4.361476            	159.955001          	0.000000            	1968.250000         	12.999163           	0.400005            		
110                 	-124.160002         	4.025361            	160.007746          	0.000000            	1969.187500         	13.001544           	0.404773            		
111                 	-125.526905         	4.361476            	159.944408          	0.000000            	1968.250000         	12.997441           	0.399963            		
112                 	-124.160002         	4.039205            	160.120821          	0.000000            	1969.187500         	13.019927           	0.404417            		
113                 	-125.526905         	4.361459            	159.987018          	0.000000            	1968.250000         	13.004367           	0.399926            		
114                 	-124.160002         	4.038858            	160.046262          	0.000000            	1969.187500         	13.007804           	0.404636            		
115                 	-125.526905         	4.361549            	159.942744          	0.000000            	1968.250000         	12.997171           	0.400015            		
116                 	-124.160002         	4.038840            	160.116998          	0.000000            	1969.187500         	13.019305           	0.404632            		
117                 	-125.526905         	4.361475            	159.953931          	0.000000            	1968.250000         	12.998989           	0.400025            		
118                 	-124.160002         	4.045056            	159.994595          	0.000000            	1969.187500         	12.999407           	0.404807            		
119                 	-125.526905         	4.365116            	159.945025          	0.000000            	1968.250000         	12.997542           	0.399992            		
120                 	-124.160002         	4.038860            	160.113024          	0.000000            	1969.187500         	13.018659           	0.404484            		
121                 	-125.526905         	4.361475            	159.956013          	0.000000            	1968.250000         	12.999327           	0.399991            		
122                 	-124.160002         	4.039011            	159.998034          	0.000000            	1969.187500         	12.999966           	0.404783            		
123                 	-125.526905         	4.364263            	159.956013          	0.000000            	1968.250000         	12.999327           	0.399992            		
124                 	-124.160002         	4.025361            	160.113024          	0.000000            	1969.187500         	13.018659           	0.404484            		
125                 	-125.526905         	4.361498            	159.942684          	0.000000            	1968.250000         	12.997161           	0.400089            		
126                 	-124.160002         	4.039078            	160.147693          	0.000000            	1969.187500         	13.024297           	0.404783            		
127                 	-125.526905         	4.361459            	159.950494          	0.000000            	1968.250000         	12.998430           	0.399992            		
128                 	-124.160002         	4.038860            	160.011269          	0.000000            	1969.187500         	13.002117           	0.404723            		
129                 	-125.526905         	4.361476            	160.050658          	0.000000            	1968.250000         	13.014715           	0.399992            		
130                 	-124.160002         	4.039003            	160.000111          	0.000000            	1969.187500         	13.000304           	0.404804            		
131                 	-125.526905         	4.361537            	159.992053          	0.000000            	1968.250000         	13.005186           	0.399992            		
132                 	-124.160002         	4.038857            	160.011269          	0.000000            	1969.187500         	13.002117           	0.404783            		
133                 	-125.526905         	4.361459            	159.948283          	0.000000            	1968.250000         	12.998071           	0.400011            		
134                 	-124.160002         	4.038860            	159.998681          	0.000000            	1969.187500         	13.000071           	0.404554            		
135                 	-125.526905         	4.347819            	159.947887          	0.000000            	1968.250000         	12.998007           	0.400027            		
136                 	-124.160002         	4.039078            	160.094732          	0.000000            	1969.187500         	13.015684           	0.404783            		
137                 	-125.526905         	4.361475            	159.943652          	0.000000            	1968.250000         	12.997318           	0.400036            		
138                 	-124.160002         	4.038860            	159.998225          	0.000000            	1969.187500         	12.999997           	0.404762            		
139                 	-125.526905         	4.361500            	159.919384          	0.000000            	1968.250000         	12.993374           	0.399992            		
140                 	-124.160002         	4.038873            	160.050962          	0.000000            	1969.187500         	13.008568           	0.404776            		
141                 	-125.526905         	4.361476            	159.919384          	0.000000            	1968.250000         	12.993374           	0.399988            		
142                 	-124.160002         	4.038752            	160.005750          	0.000000            	1969.187500         	13.001220           	0.404872            		
143                 	-125.526905         	4.361095            	159.999330          	0.000000            	1968.250000         	13.006369           	0.399992            		
144                 	-124.160002         	4.038930            	160.004203          	0.000000            	1969.187500         	13.000969           	0.404783            		
145                 	-125.526905         	4.361592            	159.956013          	0.000000            	1968.250000         	12.999327           	0.399992            		
146                 	-124.160002         	4.038855            	160.042718          	0.000000            	1969.187500         	13.007228           	0.404669            		
147                 	-125.526905         	4.361477            	159.948470          	0.000000            	1968.250000         	12.998101           	0.400060            		
148                 	-124.160002         	4.038930            	160.005523          	0.000000            	1969.187500         	13.001183           	0.404872            		
149                 	-125.526905         	4.361476            	160.039475          	0.000000            	1968.250000         	13.012897           	0.400176            		
150                 	-124.160002         	4.038859            	160.011269          	0.000000            	1969.187500         	13.002117           	0.404761            		
151                 	-125.526905         	4.362011            	159.945880          	0.000000            	1968.250000         	12.997680           	0.399990            		
152                 	-124.160002         	4.039078            	159.998109          	0.000000            	1969.187500         	12.999978           	0.404801            		
153                 	-125.526905         	4.361474            	159.939339          	0.000000            	1968.250000         	12.996617           	0.399727            		
154                 	-124.160002         	4.038860            	160.080079          	0.000000            	1969.187500         	13.013302           	0.404868            		
155                 	-125.526905         	4.361459            	159.953931          	0.000000            	1968.250000         	12.998989           	0.400004            		
156                 	-124.160002         	4.035993            	160.120821          	0.000000            	1969.187500         	13.019927           	0.404776            		
157                 	-125.526905         	4.361488            	160.037614          	0.000000            	1968.250000         	13.012594           	0.400060            		
158                 	-124.160002         	4.038968            	160.014564          	0.000000            	1969.187500         	13.002653           	0.404783            		
159                 	-125.526905         	4.361477            	160.076749          	0.000000            	1968.250000         	13.018959           	0.400027            		
160                 	-124.160002         	4.038859            	160.024314          	0.000000            	1969.187500         	13.004237           	0.404713            		
161                 	-125.526905         	4.361476            	159.944150          	0.000000            	1968.250000         	12.997399           	0.400025            		
162                 	-124.160002         	4.039326            	160.009188          	0.000000            	1969.187500         	13.001779           	0.405301            		
163                 	-125.526905         	4.361476            	159.942968          	0.000000            	1968.250000         	12.997207           	0.399727            		
164                 	-124.160002         	4.038859            	159.997913          	0.000000            	1969.187500         	12.999946           	0.404780            		
165                 	-125.526905         	4.361476            	159.956013          	0.000000            	1968.250000         	12.999327           	0.400004            		
166                 	-124.160002         	4.038911            	160.136021          	0.000000            	1969.187500         	13.022399           	0.404783            		
167                 	-125.526905         	4.361459            	159.967195          	0.000000            	1968.250000         	13.001145           	0.399992            		
168                 	-124.160002         	4.038947            	160.115030          	0.000000            	1969.187500         	13.018985           	0.404740            		
169                 	-125.526905         	4.361476            	159.956013          	0.000000            	1968.250000         	12.999327           	0.399926            		
170                 	-124.160002         	4.038872            	159.992783          	0.000000            	1969.187500         	12.999113           	0.404795            		
171                 	-125.526905         	4.361476            	159.942895          	0.000000            	1968.250000         	12.997195           	0.399992            		
172                 	-124.160002         	4.038860            	160.112007          	0.000000            	1969.187500         	13.018494           	0.404806            		
173                 	-125.526905         	4.361528            	159.956013          	0.000000            	1968.250000         	12.999327           	0.399949            		
174                 	-124.160002         	4.038860            	159.998225          	0.000000            	1969.187500         	12.999997           	0.404826            		
175                 	-125.526905         	4.361534            	159.946264          	0.000000            	1968.250000         	12.997743           	0.399958            		
176                 	-124.160002         	4.038828            	160.011269          	0.000000            	1969.187500         	13.002117           	0.404770            		
177                 	-125.526905         	4.361475            	159.975630          	0.000000            	1968.250000         	13.002516           	0.399992            		
178                 	-124.160002         	4.039327            	160.001520          	0.000000            	1969.187500         	13.000533           	0.404448            		
179                 	-125.526905         	4.361276            	159.956013          	0.000000            	1968.250000         	12.999327           	0.399992            		
180                 	-124.160002         	4.038935            	160.072751          	0.000000            	1969.187500         	13.012111           	0.404775            		
181                 	-125.526905         	4.361392            	159.952046          	0.000000            	1968.250000         	12.998683           	0.399992            		
182                 	-124.160002         	4.038859            	159.998225          	0.000000            	1969.187500         	12.999997           	0.404782            		
183                 	-125.526905         	4.361459            	159.943424          	0.000000            	1968.250000         	12.997281           	0.399986            		
184                 	-124.160002         	4.038902            	160.011269          	0.000000            	1969.187500         	13.002117           	0.404636            		
185                 	-125.526905         	4.361475            	159.956013          	0.000000            	1968.250000         	12.999327           	0.400006            		
186                 	-124.160002         	4.038898            	160.000111          	0.000000            	1969.187500         	13.000304           	0.404693            		
187                 	-125.526905         	4.361068            	159.967195          	0.000000            	1968.250000         	13.001145           	0.399236            		
188                 	-124.160002         	4.038917            	160.120821          	0.000000            	1969.187500         	13.019927           	0.404776            		
189                 	-125.526905         	4.361476            	160.076104          	0.000000            	1968.250000         	13.018854           	0.399949            		
190                 	-124.160002         	4.042338            	160.001520          	0.000000            	1969.187500         	13.000533           	0.404774            		
191                 	-125.526905         	4.361538            	159.943530          	0.000000            	1968.250000         	12.997299           	0.399992            		
192                 	-124.160002         	4.038439            	160.024314          	0.000000            	1969.187500         	13.004237           	0.404783            		
193                 	-125.526905         	4.361534            	159.941298          	0.000000            	1968.250000         	12.996936           	0.399987            		
194                 	-124.160002         	4.038860            	159.977123          	0.000000            	1969.187500         	12.996568           	0.404782            		
195                 	-125.526905         	4.361476            	159.948947          	0.000000            	1968.250000         	12.998179           	0.399882            		
196                 	-124.160002         	4.038947            	160.039292          	0.000000            	1969.187500         	13.006671           	0.405003            		
197                 	-125.526905         	4.361476            	159.956013          	0.000000            	1968.250000         	12.999327           	0.399990            		
198                 	-124.160002         	4.038860            	159.989984          	0.000000            	1969.187500         	12.998658           	0.404704            		
199                 	-125.526905         	4.361476            	159.947382          	0.000000            	1968.250000         	12.997924           	0.399985            		
200                 	-124.160002         	4.038950            	160.011269          	0.000000            	1969.187500         	13.002117           	0.405301            		
201                 	-125.526905         	4.361312            	160.037614          	0.000000            	1968.250000         	13.012594           	0.399986            		
202                 	-124.160002         	4.038857            	160.011269          	0.000000            	1969.187500         	13.002117           	0.404778            		
203                 	-125.526905         	4.361538            	159.993516          	0.000000            	1968.250000         	13.005424           	0.399980            		
204                 	-124.160002         	4.039078            	160.081687          	0.000000            	1969.187500         	13.013564           	0.404618            		
205                 	-125.526905         	4.361543            	159.956013          	0.000000            	1968.250000         	12.999327           	0.399998            		
206                 	-124.160002         	4.038965            	160.022452          	0.000000            	1969.187500         	13.003934           	0.404774            		
207                 	-125.526905         	4.361476            	160.037614          	0.000000            	1968.250000         	13.012594           	0.399992            		
208                 	-124.160002         	4.038856            	160.044863          	0.000000            	1969.187500         	13.007577           	0.404763            		
209                 	-125.526905         	4.361361            	159.975185          	0.000000            	1968.250000         	13.002444           	0.400041            		
210                 	-124.160002         	4.038860            	160.043972          	0.000000            	1969.187500         	13.007432           	0.404783            		
211                 	-125.526905         	4.361507            	159.956013          	0.000000            	1968.250000         	12.999327           	0.399895            		
212                 	-124.160002         	4.038860            	160.000282          	0.000000            	1969.187500         	13.000331           	0.404897            		
213                 	-125.526905         	4.361549            	159.943424          	0.000000            	1968.250000         	12.997281           	0.399998            		
214                 	-124.160002         	4.037148            	160.014564          	0.000000            	1969.187500         	13.002653           	0.404805            		
215                 	-125.526905         	4.361475            	159.949398          	0.000000            	1968.250000         	12.998252           	0.400078            		
216                 	-124.160002         	4.036910            	160.047309          	0.000000            	1969.187500         	13.007975           	0.404811            		
217                 	-125.526905         	4.361498            	159.919384          	0.000000            	1968.250000         	12.993374           	0.399988            		
218                 	-124.160002         	4.040307            	160.150110          	0.000000            	1969.187500         	13.024691           	0.404819            		
219                 	-125.526905         	4.361476            	159.942968          	0.000000            	1968.250000         	12.997207           	0.399944            		
220                 	-124.160002         	4.038872            	160.024314          	0.000000            	1969.187500         	13.004237           	0.404783            		
221                 	-125.526905         	4.361532            	160.057767          	0.000000            	1968.250000         	13.015871           	0.400036            		
222                 	-124.160002         	4.038859            	159.994657          	0.000000            	1969.187500         	12.999417           	0.404774            		
223                 	-125.526905         	4.361476            	160.057767          	0.000000            	1968.250000         	13.015871           	0.400070            		
224                 	-124.160002         	4.038693            	159.997969          	0.000000            	1969.187500         	12.999956           	0.404869            		
225                 	-125.526905         	4.361538            	159.950494          	0.000000            	1968.250000         	12.998430           	0.399923            		
226                 	-124.160002         	4.038910            	160.140448          	0.000000            	1969.187500         	13.023119           	0.404783            		
227                 	-125.526905         	4.361475            	159.956013          	0.000000            	1968.250000         	12.999327           	0.400041            		
228                 	-124.160002         	4.038760            	160.011269          	0.000000            	1969.187500         	13.002117           	0.404740            		
229                 	-125.526905         	4.360376            	159.942991          	0.000000            	1968.250000         	12.997211           	0.400022            		
230                 	-124.160002         	4.038857            	160.006719          	0.000000            	1969.187500         	13.001378           	0.404819            		
231                 	-125.526905         	4.361476            	159.956013          	0.000000            	1968.250000         	12.999327           	0.400168            		
232                 	-124.160002         	4.038968            	160.001520          	0.000000            	1969.187500         	13.000533           	0.404823            		
233                 	-125.526905         	4.361503            	159.956013          	0.000000            	1968.250000         	12.999327           	0.399999            		
234                 	-124.160002         	4.038859            	159.977123          	0.000000            	1969.187500         	12.996568           	0.404783            		
235                 	-125.526905         	4.361475            	159.956013          	0.000000            	1968.250000         	12.999327           	0.399992            		
236                 	-124.160002         	4.038865            	160.005523          	0.000000            	1969.187500         	13.001183           	0.405027            		
237                 	-125.526905         	4.364144            	159.975185          	0.000000            	1968.250000         	13.002444           	0.399963            		
238                 	-124.160002         	4.038880            	159.977123          	0.000000            	1969.187500         	12.996568           	0.404783            		
239                 	-125.526905         	4.361475            	159.946264          	0.000000            	1968.250000         	12.997743           	0.400004            		
240                 	-124.160002         	4.039078            	160.005750          	0.000000            	1969.187500         	13.001220           	0.404783            		
241                 	-125.526905         	4.360376            	159.948283          	0.000000            	1968.250000         	12.998071           	0.400083            		
242                 	-124.160002         	4.038926            	159.998109          	0.000000            	1969.187500         	12.999978           	0.404630            		
243                 	-125.526905         	4.361460            	160.109099          	0.000000            	1968.250000         	13.024221           	0.400002            		
244                 	-124.160002         	4.038965            	160.001115          	0.000000            	1969.187500         	13.000467           	0.404781            		
245                 	-125.526905         	4.361475            	159.941131          	0.000000            	1968.250000         	12.996909           	0.399988            		
246                 	-124.160002         	4.038885            	160.137277          	0.000000            	1969.187500         	13.022603           	0.404761            		
247                 	-125.526905         	4.361476            	159.988715          	0.000000            	1968.250000         	13.004643           	0.399992            		
248                 	-124.160002         	4.038859            	159.998587          	0.000000            	1969.187500         	13.000056           	0.404874            		
249                 	-125.526905         	4.361592            	159.923155          	0.000000            	1968.250000         	12.993987           	0.400176            		
250                 	-124.160002         	4.038859            	160.043972          	0.000000            	1969.187500         	13.007432           	0.404760            		
251                 	-125.526905         	4.361476            	160.061742          	0.000000            	1968.250000         	13.016518           	0.400011            		
252                 	-124.160002         	4.038859            	160.030441          	0.000000            	1969.187500         	13.005233           	0.404797            		
253                 	-125.526905         	4.361475            	159.946740          	0.000000            	1968.250000         	12.997820           	0.399871            		
254                 	-124.160002         	4.016443            	159.998225          	0.000000            	1969.187500         	12.999997           	0.404862            		
255                 	-125.526905         	4.361477            	159.967195          	0.000000            	1968.250000         	13.001145           	0.399980            		
256                 	-124.160002         	4.038857            	160.113830          	0.000000            	1969.187500         	13.018790           	0.404783            		
257                 	-125.526905         	4.361479            	159.942991          	0.000000            	1968.250000         	12.997211           	0.399992            		
258                 	-124.160002         	4.038885            	160.011269          	0.000000            	1969.187500         	13.002117           	0.404798            		
259                 	-125.526905         	4.361595            	159.942941          	0.000000            	1968.250000         	12.997203           	0.399992            		
260                 	-124.160002         	4.038841            	159.998197          	0.000000            	1969.187500         	12.999993           	0.404813            		
261                 	-125.526905         	4.358725            	159.956013          	0.000000            	1968.250000         	12.999327           	0.399949            		
262                 	-124.160002         	4.038860            	160.042555          	0.000000            	1969.187500         	13.007202           	0.404761            		
263                 	-125.526905         	4.361537            	159.942968          	0.000000            	1968.250000         	12.997207           	0.399986            		
264                 	-124.160002         	4.038860            	160.115030          	0.000000            	1969.187500         	13.018985           	0.404891            		
265                 	-125.526905         	4.361476            	159.946264          	0.000000            	1968.250000         	12.997743           	0.399985            		
266                 	-124.160002         	4.038860            	159.977123          	0.000000            	1969.187500         	12.996568           	0.404783            		
267                 	-125.526905         	4.361504            	159.939339          	0.000000            	1968.250000         	12.996617           	0.399992            		
268                 	-124.160002         	4.038857            	159.999049          	0.000000            	1969.187500         	13.000131           	0.404884            		
269                 	-125.526905         	4.361507            	159.992053          	0.000000            	1968.250000         	13.005186           	0.399985            		
270                 	-124.160002         	4.038859            	160.176042          	0.000000            	1969.187500         	13.028909           	0.405123            		
271                 	-125.526905         	4.361534            	159.943248          	0.000000            	1968.250000         	12.997253           	0.400098            		
272                 	-124.160002         	4.038735            	160.022452          	0.000000            	1969.187500         	13.003934           	0.404782            		
273                 	-125.526905         	4.361476            	159.959308          	0.000000            	1968.250000         	12.999863           	0.400012            		
274                 	-124.160002         	4.038910            	160.011269          	0.000000            	1969.187500         	13.002117           	0.404891            		
275                 	-125.526905         	4.361473            	159.956013          	0.000000            	1968.250000         	12.999327           	0.400002            		
276                 	-124.160002         	4.039003            	160.011269          	0.000000            	1969.187500         	13.002117           	0.404783            		
277                 	-125.526905         	4.361189            	159.946971          	0.000000            	1968.250000         	12.997858           	0.399985            		
278                 	-124.160002         	4.038650            	160.113830          	0.000000            	1969.187500         	13.018790           	0.404713            		
279                 	-125.526905         	4.361068            	159.947887          	0.000000            	1968.250000         	12.998007           	0.399992            		
280                 	-124.160002         	4.038860            	160.215125          	0.000000            	1969.187500         	13.035268           	0.404484            		
281                 	-125.526905         	4.361144            	159.941702          	0.000000            	1968.250000         	12.997001           	0.400047            		
282                 	-124.160002         	4.038928            	160.042555          	0.000000            	1969.187500         	13.007202           	0.404821            		
283                 	-125.526905         	4.361476            	159.987645          	0.000000            	1968.250000         	13.004469           	0.399992            		
284                 	-124.160002         	4.036910            	160.010257          	0.000000            	1969.187500         	13.001953           	0.404872            		
285                 	-125.526905         	4.361476            	159.946264          	0.000000            	1968.250000         	12.997743           	0.399750            		
286                 	-124.160002         	4.038766            	160.042555          	0.000000            	1969.187500         	13.007202           	0.404782            		
287                 	-125.526905         	4.361476            	159.956013          	0.000000            	1968.250000         	12.999327           	0.400006            		
288                 	-124.160002         	4.038860            	159.998225          	0.000000            	1969.187500         	12.999997           	0.404760            		
289                 	-125.526905         	4.361474            	159.939339          	0.000000            	1968.250000         	12.996617           	0.399991            		
290                 	-124.160002         	4.038860            	159.997913          	0.000000            	1969.187500         	12.999946           	0.404783            		
291                 	-125.526905         	4.361458            	159.956013          	0.000000            	1968.250000         	12.999327           	0.400008            		
292                 	-124.160002         	4.038965            	160.131361          	0.000000            	1969.187500         	13.021641           	0.404811            		
293                 	-125.526905         	4.361793            	159.942941          	0.000000            	1968.250000         	12.997203           	0.399992            		
294                 	-124.160002         	4.038965            	160.011269          	0.000000            	1969.187500         	13.002117           	0.404783            		
295                 	-125.526905         	4.361424            	159.959308          	0.000000            	1968.250000         	12.999863           	0.399991            		
296                 	-124.160002         	4.038859            	159.998225          	0.000000            	1969.187500         	12.999997           	0.404849            		
297                 	-125.526905         	4.361537            	159.987461          	0.000000            	1968.250000         	13.004439           	0.399978            		
298                 	-124.160002         	4.039078            	159.991688          	0.000000            	1969.187500         	12.998935           	0.404484            		
299                 	-125.526905         	4.361475            	159.956013          	0.000000            	1968.250000         	12.999327           	0.399944            		
300                 	-124.160002         	4.038943            	160.150110          	0.000000            	1969.187500         	13.024691           	0.404228            		
301                 	-125.526905         	4.365744            	159.942814          	0.000000            	1968.250000         	12.997182           	0.399991            		
302                 	-124.160002         	4.038873            	160.024314          	0.000000            	1969.187500         	13.004237           	0.404782            		
303                 	-125.526905         	4.361509            	159.987154          	0.000000            	1968.250000         	13.004389           	0.400168            		
304                 	-124.160002         	4.038900            	160.005750          	0.000000            	1969.187500         	13.001220           	0.404808            		
305                 	-125.526905         	4.361476            	159.956013          	0.000000            	1968.250000         	12.999327           	0.399992            		
306                 	-124.160002         	4.038860            	160.037186          	0.000000            	1969.187500         	13.006329           	0.404819            		
307                 	-125.526905         	4.361475            	159.941131          	0.000000            	1968.250000         	12.996909           	0.399963            		
308                 	-124.160002         	4.038857            	160.187010          	0.000000            	1969.187500         	13.030693           	0.404778            		
309                 	-125.526905         	4.347819            	159.959308          	0.000000            	1968.250000         	12.999863           	0.399988            		
310                 	-124.160002         	4.038872            	159.999212          	0.000000            	1969.187500         	13.000158           	0.404783            		
311                 	-125.526905         	4.364144            	159.987018          	0.000000            	1968.250000         	13.004367           	0.399692            		
312                 	-124.160002         	4.038860            	160.005523          	0.000000            	1969.187500         	13.001183           	0.404829            		
313                 	-125.526905         	4.361476            	159.944150          	0.000000            	1968.250000         	12.997399           	0.400004            		
314                 	-124.160002         	4.038859            	159.994595          	0.000000            	1969.187500         	12.999407           	0.404849            		
315                 	-125.526905         	4.361476            	159.941298          	0.000000            	1968.250000         	12.996936           	0.399992            		
316                 	-124.160002         	4.038860            	160.042411          	0.000000            	1969.187500         	13.007178           	0.404793            		
317                 	-125.526905         	4.361487            	159.946740          	0.000000            	1968.250000         	12.997820           	0.399895            		
318                 	-124.160002         	4.038965            	160.037186          	0.000000            	1969.187500         	13.006329           	0.404776            		
319                 	-125.526905         	4.361459            	159.956013          	0.000000            	1968.250000         	12.999327           	0.400083            		
320                 	-124.160002         	4.038857            	159.997969          	0.000000            	1969.187500         	12.999956           	0.405003            		
321                 	-125.526905         	4.361476            	159.956013          	0.000000            	1968.250000         	12.999327           	0.400002            		
322                 	-124.160002         	4.038859            	160.004203          	0.000000            	1969.187500         	13.000969           	0.404560            		
323                 	-125.526905         	4.361457            	159.956013          	0.000000            	1968.250000         	12.999327           	0.400025            		
324                 	-124.160002         	4.038860            	160.014564          	0.000000            	1969.187500         	13.002653           	0.404793            		
325                 	-125.526905         	4.361517            	159.987025          	0.000000            	1968.250000         	13.004368           	0.399992            		
326                 	-124.160002         	4.038860            	159.997863          	0.000000            	1969.187500         	12.999938           	0.404784            		
327                 	-125.526905         	4.361459            	159.988381          	0.000000            	1968.250000         	13.004589           	0.399992            		
328                 	-124.160002         	4.038860            	160.011269          	0.000000            	1969.187500         	13.002117           	0.404780            		
329                 	-125.526905         	4.361312            	159.987018          	0.000000            	1968.250000         	13.004367           	0.399991            		
330                 	-124.160002         	4.039029            	160.215125          	0.000000            	1969.187500         	13.035268           	0.404806            		
331                 	-125.526905         	4.361479            	159.956013          	0.000000            	1968.250000         	12.999327           	0.399992            		
332                 	-124.160002         	4.038859            	159.998225          	0.000000            	1969.187500         	12.999997           	0.404761            		
333                 	-125.526905         	4.361459            	160.050658          	0.000000            	1968.250000         	13.014715           	0.400025            		
334                 	-124.160002         	4.016443            	159.998225          	0.000000            	1969.187500         	12.999997           	0.404828            		
335                 	-125.526905         	4.361710            	159.956013          	0.000000            	1968.250000         	12.999327           	0.399992            		
336                 	-124.160002         	4.038860            	160.011269          	0.000000            	1969.187500         	13.002117           	0.404782            		
337                 	-125.526905         	4.361476            	160.024569          	0.000000            	1968.250000         	13.010473           	0.400070            		
338                 	-124.160002         	4.039078            	160.043354          	0.000000            	1969.187500         	13.007332           	0.404797            		
339                 	-125.526905         	4.361533            	160.065564          	0.000000            	1968.250000         	13.017140           	0.401375            		
340                 	-124.160002         	4.036910            	160.001520          	0.000000            	1969.187500         	13.000533           	0.404783            		
341                 	-125.526905         	4.361507            	159.942713          	0.000000            	1968.250000         	12.997166           	0.399987            		
342                 	-124.160002         	4.038858            	159.998225          	0.000000            	1969.187500         	12.999997           	0.404778            		
343                 	-125.526905         	4.361476            	159.992053          	0.000000            	1968.250000         	13.005186           	0.400004            		
344                 	-124.160002         	4.038893            	160.011269          	0.000000            	1969.187500         	13.002117           	0.404823            		
345                 	-125.526905         	4.361473            	159.988715          	0.000000            	1968.250000         	13.004643           	0.399805            		
346                 	-124.160002         	4.038843            	160.011269          	0.000000            	1969.187500         	13.002117           	0.404286            		
347                 	-125.526905         	4.361476            	159.947887          	0.000000            	1968.250000         	12.998007           	0.400027            		
348                 	-124.160002         	4.038860            	160.054587          	0.000000            	1969.187500         	13.009158           	0.404782            		
349                 	-125.526905         	4.361509            	160.059773          	0.000000            	1968.250000         	13.016198           	0.400098            		
350                 	-124.160002         	4.038866            	160.125481          	0.000000            	1969.187500         	13.020685           	0.404783            		
351                 	-125.526905         	4.361476            	159.943792          	0.000000            	1968.250000         	12.997341           	0.400083            		
352                 	-124.160002         	4.038852            	159.998225          	0.000000            	1969.187500         	12.999997           	0.404782            		
353                 	-125.526905         	4.361144            	159.942853          	0.000000            	1968.250000         	12.997188           	0.399992            		
354                 	-124.160002         	4.038860            	160.011269          	0.000000            	1969.187500         	13.002117           	0.404891            		
355                 	-125.526905         	4.362051            	159.956013          	0.000000            	1968.250000         	12.999327           	0.400070            		
356                 	-124.160002         	4.038859            	159.998430          	0.000000            	1969.187500         	13.000030           	0.404417            		
357                 	-125.526905         	4.361475            	159.943792          	0.000000            	1968.250000         	12.997341           	0.400111            		
358                 	-124.160002         	4.038439            	159.998197          	0.000000            	1969.187500         	12.999993           	0.404783            		
359                 	-125.526905         	4.361475            	159.943046          	0.000000            	1968.250000         	12.997220           	0.399992            		
360                 	-124.160002         	4.038910            	160.011269          	0.000000            	1969.187500         	13.002117           	0.404286            		
361                 	-125.526905         	4.361459            	159.956013          	0.000000            	1968.250000         	12.999327           	0.399910            		
362                 	-124.160002         	4.039326            	160.011269          	0.000000            	1969.187500         	13.002117           	0.404869            		
363                 	-125.526905         	4.361528            	159.941298          	0.000000            	1968.250000         	12.996936           	0.399991            		
364                 	-124.160002         	4.038880            	160.011269          	0.000000            	1969.187500         	13.002117           	0.405003            		
365                 	-125.526905         	4.361475            	159.942968          	0.000000            	1968.250000         	12.997207           	0.400176            		
366                 	-124.160002         	4.038650            	160.011269          	0.000000            	1969.187500         	13.002117           	0.404783            		
367                 	-125.526905         	4.361476            	160.101598          	0.000000            	1968.250000         	13.023001           	0.399989            		
368                 	-124.160002         	4.038950            	159.970469          	0.000000            	1969.187500         	12.995487           	0.404793            		
369                 	-125.526905         	4.361475            	160.065564          	0.000000            	1968.250000         	13.017140           	0.399991            		
370                 	-124.160002         	4.042445            	160.094732          	0.000000            	1969.187500         	13.015684           	0.404758            		
371                 	-125.526905         	4.361476            	159.987855          	0.000000            	1968.250000         	13.004503           	0.399989            		
372                 	-124.160002         	4.038860            	159.977123          	0.000000            	1969.187500         	12.996568           	0.405123            		
373                 	-125.526905         	4.361592            	159.946971          	0.000000            	1968.250000         	12.997858           	0.400272            		
374                 	-124.160002         	4.038856            	160.125481          	0.000000            	1969.187500         	13.020685           	0.404783            		
375                 	-125.526905         	4.361476            	159.956013          	0.000000            	1968.250000         	12.999327           	0.399990            		
376                 	-124.160002         	4.038880            	160.043972          	0.000000            	1969.187500         	13.007432           	0.404782            		
377                 	-125.526905         	4.361476            	159.946264          	0.000000            	1968.250000         	12.997743           	0.399992            		
378                 	-124.160002         	4.038860            	160.011269          	0.000000            	1969.187500         	13.002117           	0.404521            		
379                 	-125.526905         	4.361476            	159.953931          	0.000000            	1968.250000         	12.998989           	0.399977            		
380                 	-124.160002         	4.038860            	160.011269          	0.000000            	1969.187500         	13.002117           	0.404826            		
381                 	-125.526905         	4.361455            	159.946264          	0.000000            	1968.250000         	12.997743           	0.399992            		
382                 	-124.160002         	4.038866            	160.011269          	0.000000            	1969.187500         	13.002117           	0.404448            		
383                 	-125.526905         	4.340755            	159.987461          	0.000000            	1968.250000         	13.004439           	0.399990            		
384                 	-124.160002         	4.038752            	160.009188          	0.000000            	1969.187500         	13.001779           	0.404783            		
385                 	-125.526905         	4.361487            	160.159868          	0.000000            	1968.250000         	13.032482           	0.400043            		
386                 	-124.160002         	4.038860            	159.996388          	0.000000            	1969.187500         	12.999699           	0.404783            		
387                 	-125.526905         	4.361476            	159.956013          	0.000000            	1968.250000         	12.999327           	0.399958            		
388                 	-124.160002         	4.038893            	159.970469          	0.000000            	1969.187500         	12.995487           	0.404177            		
389                 	-125.526905         	4.361534            	159.946264          	0.000000            	1968.250000         	12.997743           	0.399923            		
390                 	-124.160002         	4.038901            	160.007746          	0.000000            	1969.187500         	13.001544           	0.404795            		
391                 	-125.526905         	4.361477            	159.942968          	0.000000            	1968.250000         	12.997207           	0.399988            		
392                 	-124.160002         	4.038860            	160.001840          	0.000000            	1969.187500         	13.000585           	0.404869            		
393                 	-125.526905         	4.361500            	159.945880          	0.000000            	1968.250000         	12.997680           	0.399992            		
394                 	-124.160002         	4.038857            	160.001520          	0.000000            	1969.187500         	13.000533           	0.404780            		
395                 	-125.526905         	4.361549            	159.943173          	0.000000            	1968.250000         	12.997241           	0.399935            		
396                 	-124.160002         	4.038860            	160.001520          	0.000000            	1969.187500         	13.000533           	0.404874            		
397                 	-125.526905         	4.361476            	159.956013          	0.000000            	1968.250000         	12.999327           	0.399991            		
398                 	-124.160002         	4.039326            	160.004203          	0.000000            	1969.187500         	13.000969           	0.404694            		
399                 	-125.526905         	4.361476            	159.988715          	0.000000            	1968.250000         	13.004643           	0.399988            		


#256s 256552ms 256552738us 
