0.000000            5.690167            
1.000000            5.537197            
2.000000            5.559602            
3.000000            5.808767            
4.000000            5.836670            
5.000000            6.225839            
6.000000            5.741651            
7.000000            7.764946            
8.000000            8.228269            
9.000000            8.483640            
10.000000           8.605404            
11.000000           8.800530            
12.000000           8.753076            
13.000000           8.745340            
14.000000           8.644430            
15.000000           8.644890            
16.000000           8.437815            
17.000000           8.542060            
18.000000           8.425643            
19.000000           8.415243            
20.000000           8.255664            
21.000000           8.087521            
22.000000           8.064701            
23.000000           8.220130            
24.000000           8.214900            
25.000000           8.002744            
26.000000           7.828096            
27.000000           7.694955            
28.000000           7.732831            
29.000000           7.820149            
30.000000           7.640497            
31.000000           7.638955            
32.000000           7.415998            
33.000000           7.229357            
34.000000           7.275270            
35.000000           7.411678            
36.000000           7.319463            
37.000000           7.057634            
38.000000           7.172168            
39.000000           7.249234            
40.000000           6.949417            
41.000000           6.861887            
42.000000           6.855027            
43.000000           6.901578            
44.000000           6.920743            
45.000000           6.807454            
46.000000           6.745865            
47.000000           6.814777            
48.000000           6.811894            
49.000000           6.613324            
50.000000           6.635389            
51.000000           6.676195            
52.000000           6.647855            
53.000000           6.623654            
54.000000           6.799887            
55.000000           6.684057            
56.000000           6.558878            
57.000000           6.500324            
58.000000           6.602746            
59.000000           6.552972            
60.000000           6.517454            
61.000000           6.598243            
62.000000           6.574107            
63.000000           6.480503            
64.000000           6.549307            
65.000000           6.601597            
66.000000           6.569537            
67.000000           6.393576            
68.000000           6.694325            
69.000000           6.548198            
70.000000           6.564299            
71.000000           6.538676            
72.000000           6.680262            
73.000000           6.587772            
74.000000           6.546971            
75.000000           6.598743            
76.000000           6.715478            
77.000000           6.565867            
78.000000           6.675192            
79.000000           6.610648            
80.000000           6.650796            
81.000000           6.622582            
82.000000           6.679036            
83.000000           6.680839            
84.000000           6.571516            
85.000000           6.696946            
86.000000           6.642449            
87.000000           6.674668            
88.000000           6.680628            
89.000000           6.695895            
90.000000           6.663742            
91.000000           6.709800            
92.000000           6.712507            
93.000000           6.602101            
94.000000           6.596835            
95.000000           6.595333            
96.000000           6.652495            
97.000000           6.614381            
98.000000           6.818497            
99.000000           6.907137            
100.000000          6.973985            
101.000000          7.106983            
102.000000          7.098960            
103.000000          7.338635            
104.000000          7.442575            
105.000000          7.366902            
106.000000          7.648482            
107.000000          7.520732            
108.000000          7.566189            
109.000000          7.787424            
110.000000          7.738706            
111.000000          7.756082            
112.000000          7.728931            
113.000000          7.798360            
114.000000          7.487515            
115.000000          7.670630            
116.000000          7.513875            
117.000000          7.641043            
118.000000          7.888304            
119.000000          7.658177            
120.000000          7.666570            
121.000000          7.555462            
122.000000          7.653626            
123.000000          7.694832            
124.000000          7.702039            
125.000000          7.619482            
126.000000          7.442642            
127.000000          7.529822            
128.000000          7.367292            
129.000000          7.441228            
130.000000          7.534537            
131.000000          7.451727            
132.000000          7.523941            
133.000000          7.452807            
134.000000          7.524955            
135.000000          7.452899            
136.000000          7.554437            
137.000000          7.452864            
138.000000          7.554437            
139.000000          7.452864            
140.000000          7.554437            
141.000000          7.452864            
142.000000          7.554437            
143.000000          7.452864            
144.000000          7.554437            
145.000000          7.452864            
146.000000          7.554437            
147.000000          7.452864            
148.000000          7.554437            
149.000000          7.452864            
150.000000          7.554437            
151.000000          7.452864            
152.000000          7.554437            
153.000000          7.452864            
154.000000          7.554437            
155.000000          7.452864            
156.000000          7.554437            
157.000000          7.452864            
158.000000          7.554437            
159.000000          7.452864            
160.000000          7.554437            
161.000000          7.452864            
162.000000          7.554437            
163.000000          7.452864            
164.000000          7.554437            
165.000000          7.452864            
166.000000          7.554437            
167.000000          7.452864            
168.000000          7.554437            
169.000000          7.452864            
170.000000          7.554437            
171.000000          7.452864            
172.000000          7.554437            
173.000000          7.452864            
174.000000          7.554437            
175.000000          7.452864            
176.000000          7.554437            
177.000000          7.452864            
178.000000          7.554437            
179.000000          7.452864            
180.000000          7.554437            
181.000000          7.452864            
182.000000          7.554437            
183.000000          7.452864            
184.000000          7.554437            
185.000000          7.452864            
186.000000          7.554437            
187.000000          7.452864            
188.000000          7.554437            
189.000000          7.452864            
190.000000          7.554437            
191.000000          7.452864            
192.000000          7.554437            
193.000000          7.452864            
194.000000          7.554437            
195.000000          7.452864            
196.000000          7.554437            
197.000000          7.452864            
198.000000          7.554437            
199.000000          7.452864            
200.000000          7.554437            
201.000000          7.452864            
202.000000          7.554437            
203.000000          7.452864            
204.000000          7.554437            
205.000000          7.452864            
206.000000          7.554437            
207.000000          7.452864            
208.000000          7.554437            
209.000000          7.452864            
210.000000          7.554437            
211.000000          7.452864            
212.000000          7.554437            
213.000000          7.452864            
214.000000          7.554437            
215.000000          7.452864            
216.000000          7.554437            
217.000000          7.452864            
218.000000          7.554437            
219.000000          7.452864            
220.000000          7.554437            
221.000000          7.452864            
222.000000          7.554437            
223.000000          7.452864            
224.000000          7.554437            
225.000000          7.452864            
226.000000          7.554437            
227.000000          7.452864            
228.000000          7.554437            
229.000000          7.452864            
230.000000          7.554437            
231.000000          7.452864            
232.000000          7.554437            
233.000000          7.452864            
234.000000          7.554437            
235.000000          7.452864            
236.000000          7.554437            
237.000000          7.452864            
238.000000          7.554437            
239.000000          7.452864            
240.000000          7.554437            
241.000000          7.452864            
242.000000          7.554437            
243.000000          7.452864            
244.000000          7.554437            
245.000000          7.452864            
246.000000          7.554437            
247.000000          7.452864            
248.000000          7.554437            
249.000000          7.452864            
250.000000          7.554437            
251.000000          7.452864            
252.000000          7.554437            
253.000000          7.452864            
254.000000          7.554437            
255.000000          7.452864            
256.000000          7.554437            
257.000000          7.452864            
258.000000          7.554437            
259.000000          7.452864            
260.000000          7.554437            
261.000000          7.452864            
262.000000          7.554437            
263.000000          7.452864            
264.000000          7.554437            
265.000000          7.452864            
266.000000          7.554437            
267.000000          7.452864            
268.000000          7.554437            
269.000000          7.452864            
270.000000          7.554437            
271.000000          7.452864            
272.000000          7.554437            
273.000000          7.452864            
274.000000          7.554437            
275.000000          7.452864            
276.000000          7.554437            
277.000000          7.452864            
278.000000          7.554437            
279.000000          7.452864            
280.000000          7.554437            
281.000000          7.452864            
282.000000          7.554437            
283.000000          7.452864            
284.000000          7.554437            
285.000000          7.452864            
286.000000          7.554437            
287.000000          7.452864            
288.000000          7.554437            
289.000000          7.452864            
290.000000          7.554437            
291.000000          7.452864            
292.000000          7.554437            
293.000000          7.452864            
294.000000          7.554437            
295.000000          7.452864            
296.000000          7.554437            
297.000000          7.452864            
298.000000          7.554437            
299.000000          7.452864            
300.000000          7.554437            
301.000000          7.452864            
302.000000          7.554437            
303.000000          7.452864            
304.000000          7.554437            
305.000000          7.452864            
306.000000          7.554437            
307.000000          7.452864            
308.000000          7.554437            
309.000000          7.452864            
310.000000          7.554437            
311.000000          7.452864            
312.000000          7.554437            
313.000000          7.452864            
314.000000          7.554437            
315.000000          7.452864            
316.000000          7.554437            
317.000000          7.452864            
318.000000          7.554437            
319.000000          7.452864            
320.000000          7.554437            
321.000000          7.452864            
322.000000          7.554437            
323.000000          7.452864            
324.000000          7.554437            
325.000000          7.452864            
326.000000          7.554437            
327.000000          7.452864            
328.000000          7.554437            
329.000000          7.452864            
330.000000          7.554437            
331.000000          7.452864            
332.000000          7.554437            
333.000000          7.452864            
334.000000          7.554437            
335.000000          7.452864            
336.000000          7.554437            
337.000000          7.452864            
338.000000          7.554437            
339.000000          7.452864            
340.000000          7.554437            
341.000000          7.452864            
342.000000          7.554437            
343.000000          7.452864            
344.000000          7.554437            
345.000000          7.452864            
346.000000          7.554437            
347.000000          7.452864            
348.000000          7.554437            
349.000000          7.452864            
350.000000          7.554437            
351.000000          7.452864            
352.000000          7.554437            
353.000000          7.452864            
354.000000          7.554437            
355.000000          7.452864            
356.000000          7.554437            
357.000000          7.452864            
358.000000          7.554437            
359.000000          7.452864            
360.000000          7.554437            
361.000000          7.452864            
362.000000          7.554437            
363.000000          7.452864            
364.000000          7.554437            
365.000000          7.452864            
366.000000          7.554437            
367.000000          7.452864            
368.000000          7.554437            
369.000000          7.452864            
370.000000          7.554437            
371.000000          7.452864            
372.000000          7.554437            
373.000000          7.452864            
374.000000          7.554437            
375.000000          7.452864            
376.000000          7.554437            
377.000000          7.452864            
378.000000          7.554437            
379.000000          7.452864            
380.000000          7.554437            
381.000000          7.452864            
382.000000          7.554437            
383.000000          7.452864            
384.000000          7.554437            
385.000000          7.452864            
386.000000          7.554437            
387.000000          7.452864            
388.000000          7.554437            
389.000000          7.452864            
390.000000          7.554437            
391.000000          7.452864            
392.000000          7.554437            
393.000000          7.452864            
394.000000          7.554437            
395.000000          7.452864            
396.000000          7.554437            
397.000000          7.452864            
398.000000          7.554437            
399.000000          7.452864            
400.000000          7.554437            
#Execution time: 79s 79613ms 79613749us 
