Iteration           EnergyValue II      EnergyValue MDCA    
0.000000            5.000506            4.243982            
1.000000            4.840037            4.537145            
2.000000            4.739527            4.403549            
3.000000            4.606247            4.485743            
4.000000            4.458820            4.671310            
5.000000            4.321674            4.650920            
6.000000            4.196686            4.708150            
7.000000            4.109058            4.921663            
8.000000            4.037802            4.942613            
9.000000            3.964496            5.123622            
10.000000           3.906530            5.120940            
11.000000           3.852025            5.261185            
12.000000           3.804722            5.296320            
13.000000           3.746657            5.240181            
14.000000           3.718243            5.484692            
15.000000           3.681814            5.123259            
16.000000           3.633550            4.694071            
17.000000           3.595297            4.676329            
18.000000           3.557872            4.918514            
19.000000           3.521100            4.649361            
20.000000           3.499372            4.852493            
21.000000           3.472988            5.407969            
22.000000           3.449719            5.101762            
23.000000           3.400096            5.503646            
24.000000           3.382112            5.767888            
25.000000           3.364929            5.795077            
26.000000           3.349489            5.954676            
27.000000           3.333408            6.283658            
28.000000           3.316325            5.733113            
29.000000           3.303223            5.707827            
30.000000           3.266959            6.027047            
31.000000           3.259828            5.840100            
32.000000           3.248289            5.573636            
33.000000           3.236795            5.974170            
34.000000           3.212465            5.443375            
35.000000           3.195188            5.681070            
36.000000           3.182284            5.842210            
37.000000           3.165143            5.578413            
38.000000           3.155594            5.420585            
39.000000           3.147472            5.456588            
40.000000           3.147215            5.425089            
41.000000           3.133976            5.276415            
42.000000           3.123176            5.231534            
43.000000           3.113780            5.168000            
44.000000           3.112878            5.299572            
45.000000           3.109688            5.345435            
46.000000           3.103696            5.296360            
47.000000           3.100976            5.710056            
48.000000           3.077571            6.241196            
49.000000           3.075627            6.356579            
50.000000           3.068245            6.444177            
51.000000           3.065899            6.336980            
52.000000           3.063728            6.418178            
53.000000           3.050025            6.704650            
54.000000           2.975855            6.737604            
55.000000           2.960218            6.543881            
56.000000           2.938638            6.665161            
57.000000           2.931092            6.885959            
58.000000           2.909337            6.473053            
59.000000           2.906305            6.539741            
60.000000           2.901132            6.563298            
60.000000           2.901132            6.563298            
61.000000           2.872575            6.325424            
62.000000           2.828025            6.365434            
63.000000           2.773114            6.196031            
64.000000           2.754562            6.572935            
64.000000           2.754562            6.572935            
65.000000           2.709207            7.121360            
66.000000           2.678531            7.234858            
67.000000           2.673372            7.345251            
68.000000           2.670509            7.513573            
69.000000           2.667407            7.337251            
70.000000           2.653228            7.249337            
71.000000           2.645331            7.279853            
72.000000           2.637184            7.159507            
73.000000           2.632107            7.249990            
74.000000           2.625907            7.091603            
75.000000           2.612764            7.307142            
76.000000           2.583605            6.715511            
77.000000           2.532162            7.098673            
78.000000           2.514661            6.985348            
79.000000           2.510443            6.960432            
80.000000           2.480011            7.592156            
81.000000           2.457605            7.420766            
81.000000           2.457605            7.420766            
82.000000           2.443421            7.452606            
83.000000           2.418503            7.435327            
84.000000           2.415051            7.720438            
85.000000           2.409400            7.603805            
86.000000           2.408739            7.613516            
87.000000           2.407258            7.584796            
88.000000           2.405678            7.569041            
89.000000           2.399006            7.908581            
90.000000           2.393219            7.834113            
91.000000           2.391294            7.742001            
92.000000           2.386609            7.875372            
92.000000           2.386609            7.875372            
93.000000           2.358214            8.191120            
94.000000           2.353915            8.148924            
95.000000           2.352728            8.180715            
96.000000           2.349781            8.121474            
96.000000           2.349781            8.121474            
97.000000           2.335699            8.003396            
97.000000           2.335699            8.003396            
98.000000           2.326812            8.029489            
99.000000           2.324285            8.047802            
100.000000          2.306798            8.102143            
101.000000          2.302659            8.223699            
102.000000          2.299233            8.196998            
103.000000          2.298527            8.111514            
104.000000          2.297743            9.030549            
105.000000          2.296652            8.121457            
106.000000          2.293915            8.252585            
107.000000          2.292590            8.131533            
108.000000          2.290881            8.063457            
108.000000          2.290881            8.063457            
109.000000          2.282210            8.231088            
109.000000          2.282210            8.231088            
110.000000          2.267998            8.373325            
111.000000          2.266855            8.108209            
112.000000          2.266359            7.966414            
113.000000          2.265847            8.377217            
114.000000          2.262929            8.696647            
115.000000          2.261575            8.764419            
116.000000          2.261234            9.235950            
116.000000          2.261234            9.235950            
117.000000          2.251697            9.356638            
117.000000          2.251697            9.356638            
118.000000          2.244519            9.360045            
119.000000          2.243105            9.288957            
119.000000          2.243105            9.288957            
120.000000          2.238053            9.982529            
120.000000          2.238053            9.982529            
120.000000          2.238053            9.982529            
121.000000          2.202703            10.085550           
122.000000          2.192326            9.499854            
123.000000          2.173763            9.604084            
123.000000          2.173763            9.604084            
124.000000          2.171943            9.442508            
124.000000          2.171943            9.442508            
124.000000          2.171943            9.442508            
125.000000          2.147955            9.918575            
125.000000          2.147955            9.918575            
126.000000          2.136722            9.917160            
127.000000          2.136206            9.837284            
128.000000          2.135845            9.619385            
128.000000          2.135845            9.619385            
129.000000          2.130293            9.625807            
129.000000          2.130293            9.625807            
130.000000          2.125718            9.872555            
130.000000          2.125718            9.872555            
130.000000          2.125718            9.872555            
131.000000          2.106822            9.658135            
131.000000          2.106822            9.658135            
132.000000          2.099771            9.525536            
132.000000          2.099771            9.525536            
133.000000          2.094877            9.393555            
134.000000          2.088152            9.608208            
135.000000          2.085899            9.800830            
135.000000          2.085899            9.800830            
136.000000          2.079442            9.498870            
137.000000          2.077237            9.807112            
137.000000          2.077237            9.807112            
138.000000          2.070021            9.717918            
138.000000          2.070021            9.717918            
139.000000          2.066426            9.850726            
140.000000          2.065972            9.956569            
141.000000          2.063758            10.427139           
141.000000          2.063758            10.427139           
142.000000          2.059288            10.675941           
142.000000          2.059288            10.675941           
143.000000          2.055486            10.731146           
144.000000          2.054997            10.899314           
144.000000          2.054997            10.899314           
145.000000          2.050129            10.539570           
145.000000          2.050129            10.539570           
146.000000          2.047641            10.610105           
146.000000          2.047641            10.610105           
146.000000          2.047641            10.610105           
147.000000          2.036794            10.327303           
147.000000          2.036794            10.327303           
148.000000          2.034586            9.456390            
148.000000          2.034586            9.456390            
149.000000          2.025415            9.293420            
149.000000          2.025415            9.293420            
149.000000          2.025415            9.293420            
150.000000          2.018102            9.434320            
150.000000          2.018102            9.434320            
151.000000          2.017153            10.102729           
152.000000          2.015999            10.401226           
152.000000          2.015999            10.401226           
153.000000          2.008745            10.045326           
153.000000          2.008745            10.045326           
154.000000          2.008008            9.866013            
154.000000          2.008008            9.866013            
155.000000          1.991862            9.402902            
156.000000          1.988420            9.720446            
156.000000          1.988420            9.720446            
157.000000          1.984238            9.695669            
158.000000          1.981170            9.379295            
158.000000          1.981170            9.379295            
159.000000          1.961213            9.394836            
159.000000          1.961213            9.394836            
160.000000          1.942685            9.431676            
160.000000          1.942685            9.431676            
161.000000          1.939690            9.280092            
161.000000          1.939690            9.280092            
162.000000          1.932567            9.350643            
163.000000          1.931467            9.624006            
164.000000          1.930459            9.523336            
165.000000          1.928494            9.774174            
165.000000          1.928494            9.774174            
166.000000          1.919249            9.743828            
167.000000          1.917399            9.734063            
167.000000          1.917399            9.734063            
168.000000          1.912962            9.822860            
168.000000          1.912962            9.822860            
169.000000          1.910973            9.758339            
170.000000          1.907126            9.343836            
170.000000          1.907126            9.343836            
171.000000          1.901845            9.292538            
171.000000          1.901845            9.292538            
172.000000          1.901769            9.335726            
173.000000          1.898185            9.170480            
173.000000          1.898185            9.170480            
174.000000          1.895019            9.599041            
175.000000          1.894751            9.327669            
175.000000          1.894751            9.327669            
175.000000          1.894751            9.327669            
176.000000          1.873658            9.203261            
176.000000          1.873658            9.203261            
177.000000          1.870186            9.146368            
178.000000          1.866394            9.195120            
179.000000          1.863155            9.478332            
180.000000          1.860854            9.482735            
181.000000          1.860532            9.534514            
181.000000          1.860532            9.534514            
182.000000          1.848668            9.348147            
182.000000          1.848668            9.348147            
183.000000          1.790143            8.889164            
184.000000          1.773814            9.553618            
184.000000          1.773814            9.553618            
185.000000          1.724639            9.604629            
186.000000          1.673256            7.260372            
187.000000          1.639162            6.866520            
188.000000          1.613935            6.838135            
189.000000          1.595834            7.109444            
190.000000          1.582113            7.191487            
191.000000          1.568990            6.642218            
192.000000          1.547724            6.721175            
193.000000          1.529012            6.718351            
194.000000          1.493573            6.493922            
195.000000          1.477285            6.485039            
196.000000          1.460403            6.770557            
197.000000          1.443390            6.813367            
198.000000          1.426173            7.052417            
199.000000          1.408419            7.550564            
200.000000          1.375317            7.011043            
201.000000          1.361067            7.002038            
202.000000          1.344743            6.988542            
203.000000          1.327523            7.151293            
204.000000          1.312484            6.880224            
205.000000          1.294763            7.124669            
206.000000          1.265285            6.536835            
207.000000          1.252456            6.716262            
208.000000          1.239242            6.619659            
209.000000          1.224845            6.451513            
210.000000          1.211412            6.681435            
211.000000          1.196535            6.694016            
212.000000          1.187144            7.022460            
213.000000          1.175295            7.027423            
214.000000          1.165573            7.151950            
215.000000          1.152019            6.871217            
216.000000          1.140099            6.903621            
217.000000          1.131990            7.203963            
218.000000          1.124348            7.186835            
219.000000          1.117687            7.676117            
220.000000          1.111190            7.310740            
221.000000          1.107785            7.267165            
222.000000          1.102972            7.408086            
223.000000          1.101893            7.358621            
224.000000          1.098547            6.628162            
224.000000          1.098547            6.628162            
225.000000          0.986255            6.800227            
226.000000          0.986052            8.159113            
227.000000          0.984982            7.631287            
228.000000          0.981796            7.607791            
229.000000          0.981031            7.581003            
230.000000          0.976714            7.490780            
230.000000          0.976714            7.490780            
231.000000          0.911702            8.231357            
231.000000          0.911702            8.231357            
232.000000          0.859439            7.753171            
233.000000          0.857249            7.549396            
234.000000          0.856163            7.551297            
235.000000          0.855257            7.353022            
236.000000          0.850872            7.536662            
237.000000          0.849472            7.267229            
238.000000          0.848196            7.212104            
239.000000          0.847682            7.382178            
240.000000          0.847679            7.353018            
241.000000          0.847093            7.491494            
242.000000          0.846454            7.402524            
243.000000          0.845908            7.309876            
244.000000          0.845527            7.332230            
245.000000          0.845307            7.245498            
246.000000          0.844201            7.200359            
247.000000          0.843903            7.314159            
248.000000          0.843225            7.115641            
248.000000          0.843225            7.115641            
249.000000          0.826375            6.963126            
249.000000          0.826375            6.963126            
250.000000          0.811051            6.980374            
250.000000          0.811051            6.980374            
251.000000          0.800079            7.266528            
252.000000          0.799710            7.218449            
252.000000          0.799710            7.218449            
253.000000          0.788555            7.414624            
254.000000          0.788026            6.826642            
255.000000          0.786848            6.512910            
256.000000          0.784503            6.309345            
257.000000          0.782964            6.337021            
258.000000          0.777939            6.357200            
259.000000          0.776814            6.324587            
259.000000          0.776814            6.324587            
260.000000          0.763190            6.141052            
260.000000          0.763190            6.141052            
261.000000          0.751417            6.074766            
261.000000          0.751417            6.074766            
262.000000          0.742266            5.989707            
263.000000          0.741907            5.679827            
264.000000          0.740634            5.509035            
264.000000          0.740634            5.509035            
265.000000          0.734087            5.426505            
266.000000          0.733738            5.542733            
267.000000          0.733199            5.558793            
267.000000          0.733199            5.558793            
268.000000          0.728141            5.895919            
268.000000          0.728141            5.895919            
269.000000          0.724516            5.910204            
270.000000          0.723168            5.870358            
271.000000          0.721399            6.075683            
272.000000          0.720885            5.846102            
273.000000          0.716422            5.968746            
274.000000          0.716095            5.776967            
275.000000          0.715550            5.762011            
276.000000          0.715301            5.479400            
277.000000          0.715173            5.637268            
278.000000          0.713494            5.502095            
278.000000          0.713494            5.502095            
279.000000          0.706623            5.266015            
279.000000          0.706623            5.266015            
280.000000          0.701058            5.168265            
280.000000          0.701058            5.168265            
281.000000          0.696701            5.194378            
282.000000          0.695701            5.173206            
283.000000          0.694055            5.041877            
284.000000          0.692710            5.101369            
284.000000          0.692710            5.101369            
285.000000          0.687514            5.182343            
285.000000          0.687514            5.182343            
286.000000          0.683328            5.163185            
286.000000          0.683328            5.163185            
287.000000          0.679991            4.937525            
288.000000          0.679580            4.957106            
288.000000          0.679580            4.957106            
289.000000          0.673214            4.975756            
290.000000          0.673205            5.037377            
290.000000          0.673205            5.037377            
291.000000          0.670915            4.818700            
291.000000          0.670915            4.818700            
292.000000          0.668982            4.788421            
293.000000          0.668603            4.516226            
294.000000          0.667997            4.572778            
294.000000          0.667997            4.572778            
295.000000          0.665050            4.557630            
295.000000          0.665050            4.557630            
296.000000          0.664994            4.560326            
296.000000          0.664994            4.560326            
297.000000          0.662402            4.812346            
297.000000          0.662402            4.812346            
298.000000          0.658098            4.492723            
298.000000          0.658098            4.492723            
299.000000          0.656570            4.489748            
299.000000          0.656570            4.489748            
299.000000          0.656570            4.489748            
300.000000          0.651932            4.376708            
300.000000          0.651932            4.376708            
301.000000          0.651903            4.344708            
301.000000          0.651903            4.344708            
301.000000          0.651903            4.344708            
302.000000          0.647645            4.374070            
302.000000          0.647645            4.374070            
302.000000          0.647645            4.374070            
303.000000          0.647395            4.437953            
303.000000          0.647395            4.437953            
304.000000          0.646199            4.403210            
304.000000          0.646199            4.403210            
305.000000          0.645010            4.335051            
305.000000          0.645010            4.335051            
305.000000          0.645010            4.335051            
305.000000          0.645010            4.335051            
305.000000          0.645010            4.335051            
305.000000          0.645010            4.335051            


#830s 830701ms 830701103us 
Initial digital shape size: 7481 pixels.