Iteration           EnergyValue II      EnergyValue MDCA    
0.000000            0.537961            3.355202            
1.000000            0.524345            3.419849            
2.000000            0.511815            3.484496            
3.000000            0.501262            3.461210            
4.000000            0.491884            3.512988            
5.000000            0.483092            3.971751            
6.000000            0.473631            3.906752            
7.000000            0.465500            4.479884            
8.000000            0.459980            4.458167            
9.000000            0.453204            4.965730            
10.000000           0.448959            4.861121            
11.000000           0.444389            5.128073            
12.000000           0.439155            5.368693            
13.000000           0.435472            5.647785            
14.000000           0.432178            5.890961            
15.000000           0.428316            5.669514            
16.000000           0.424986            5.801591            
17.000000           0.422516            6.312707            
18.000000           0.419829            6.337811            
19.000000           0.415696            6.269586            
20.000000           0.411581            6.677536            
21.000000           0.408628            6.429781            
22.000000           0.405281            6.460501            
23.000000           0.402494            6.209301            
24.000000           0.400209            6.277304            
25.000000           0.397925            6.652184            
26.000000           0.395399            6.504288            
27.000000           0.393425            7.085161            
28.000000           0.389641            7.156828            
29.000000           0.385026            7.434356            
30.000000           0.363935            7.200103            
31.000000           0.361187            7.214182            
32.000000           0.357371            6.546773            
33.000000           0.354529            6.673983            
34.000000           0.351646            6.567730            
35.000000           0.349110            6.389854            
36.000000           0.346473            6.765105            
37.000000           0.343700            6.963048            
38.000000           0.341880            7.342845            
39.000000           0.340294            7.234476            
40.000000           0.338968            7.325348            
41.000000           0.337772            7.158757            
42.000000           0.336415            7.100203            
43.000000           0.335285            7.794988            
44.000000           0.334374            8.240321            
45.000000           0.333476            8.197906            
46.000000           0.332656            8.315442            
47.000000           0.331767            7.910161            
48.000000           0.331020            7.513459            
49.000000           0.330329            7.545420            
50.000000           0.329816            7.931043            
51.000000           0.329080            7.473346            
52.000000           0.328673            7.799686            
53.000000           0.328141            7.255888            
54.000000           0.327681            7.088677            
55.000000           0.327357            7.111452            
56.000000           0.327229            7.538283            
57.000000           0.327076            7.361656            
58.000000           0.327059            7.482210            
59.000000           0.326983            7.525868            
60.000000           0.326805            7.389771            
60.000000           0.326805            7.389771            
61.000000           0.321826            7.950113            
61.000000           0.321826            7.950113            
62.000000           0.317736            7.423362            
63.000000           0.317228            7.999073            
64.000000           0.316290            8.127255            
65.000000           0.316115            8.344284            
66.000000           0.315868            8.444583            
67.000000           0.315730            8.735261            
68.000000           0.315510            9.492968            
68.000000           0.315510            9.492968            
69.000000           0.311382            9.631741            
69.000000           0.311382            9.631741            
70.000000           0.308199            8.989471            
71.000000           0.308194            9.393622            
72.000000           0.307601            8.685531            
73.000000           0.307489            9.006003            
74.000000           0.307482            9.384610            
75.000000           0.307385            8.962768            
75.000000           0.307385            8.962768            
76.000000           0.303491            9.080197            
77.000000           0.303241            9.585971            
78.000000           0.302885            9.421257            
79.000000           0.302077            9.249620            
80.000000           0.301979            8.821170            
81.000000           0.301801            8.809675            
82.000000           0.301646            8.863355            
83.000000           0.301209            8.957473            
84.000000           0.301100            8.981123            
85.000000           0.300640            9.527881            
86.000000           0.300265            9.778371            
87.000000           0.299911            9.900430            
88.000000           0.299794            10.210945           
89.000000           0.299410            10.390844           
90.000000           0.299376            10.022666           
91.000000           0.299134            10.756957           
92.000000           0.299100            9.903494            
93.000000           0.298974            9.854832            
93.000000           0.298974            9.854832            
94.000000           0.295574            9.624560            
94.000000           0.295574            9.624560            
95.000000           0.292394            9.565874            
95.000000           0.292394            9.565874            
96.000000           0.289423            9.588971            
96.000000           0.289423            9.588971            
97.000000           0.286844            9.605789            
98.000000           0.286836            9.046606            
98.000000           0.286836            9.046606            
99.000000           0.284119            8.330087            
100.000000          0.284112            8.854607            
100.000000          0.284112            8.854607            
101.000000          0.281621            8.887214            
101.000000          0.281621            8.887214            
102.000000          0.279075            8.828701            
102.000000          0.279075            8.828701            
103.000000          0.276890            9.000689            
104.000000          0.276823            8.593462            
104.000000          0.276823            8.593462            
105.000000          0.274869            8.607219            
105.000000          0.274869            8.607219            
106.000000          0.272965            8.454135            
106.000000          0.272965            8.454135            
107.000000          0.271231            8.581488            
108.000000          0.271182            9.107062            
109.000000          0.271077            8.552216            
110.000000          0.270999            8.779710            
111.000000          0.270925            9.255006            
112.000000          0.270899            8.419904            
113.000000          0.270805            8.707096            
113.000000          0.270805            8.707096            
114.000000          0.269162            8.647147            
114.000000          0.269162            8.647147            
115.000000          0.267571            8.903285            
116.000000          0.267501            9.039954            
116.000000          0.267501            9.039954            
117.000000          0.266192            9.357590            
118.000000          0.266177            8.926006            
119.000000          0.266025            8.926303            
120.000000          0.265988            8.917600            
121.000000          0.265834            9.380474            
121.000000          0.265834            9.380474            
122.000000          0.264537            9.360693            
122.000000          0.264537            9.360693            
123.000000          0.263408            9.525411            
123.000000          0.263408            9.525411            
124.000000          0.262189            9.699697            
124.000000          0.262189            9.699697            
125.000000          0.261362            9.844392            
125.000000          0.261362            9.844392            
126.000000          0.260652            10.059259           
126.000000          0.260652            10.059259           
127.000000          0.259850            10.271666           
127.000000          0.259850            10.271666           
128.000000          0.259163            10.277131           
128.000000          0.259163            10.277131           
129.000000          0.258531            10.182151           
130.000000          0.258466            10.516039           
131.000000          0.258399            10.742453           
131.000000          0.258399            10.742453           
132.000000          0.257805            10.656509           
132.000000          0.257805            10.656509           
133.000000          0.257341            10.168140           
133.000000          0.257341            10.168140           
134.000000          0.256827            10.343306           
134.000000          0.256827            10.343306           
135.000000          0.256428            10.344845           
135.000000          0.256428            10.344845           
136.000000          0.256098            10.638425           
136.000000          0.256098            10.638425           
137.000000          0.255849            10.557851           
137.000000          0.255849            10.557851           
138.000000          0.255623            10.541661           
139.000000          0.255518            10.511018           
139.000000          0.255518            10.511018           
140.000000          0.255215            10.561855           
140.000000          0.255215            10.561855           
141.000000          0.255160            10.294049           
141.000000          0.255160            10.294049           
142.000000          0.255025            10.256031           
143.000000          0.254911            10.273046           
143.000000          0.254911            10.273046           
144.000000          0.254794            10.220074           
144.000000          0.254794            10.220074           
145.000000          0.254772            10.341689           
145.000000          0.254772            10.341689           
145.000000          0.254772            10.341689           
146.000000          0.253153            9.934134            
146.000000          0.253153            9.934134            
147.000000          0.252476            9.101573            
148.000000          0.252464            9.067376            
148.000000          0.252464            9.067376            
149.000000          0.252106            8.883408            
150.000000          0.251910            8.894721            
150.000000          0.251910            8.894721            
150.000000          0.251910            8.894721            
151.000000          0.250603            8.886602            
151.000000          0.250603            8.886602            
151.000000          0.250603            8.886602            
152.000000          0.249608            9.441938            
152.000000          0.249608            9.441938            
152.000000          0.249608            9.441938            
153.000000          0.248806            10.129299           
153.000000          0.248806            10.129299           
154.000000          0.248766            10.291903           
154.000000          0.248766            10.291903           
155.000000          0.248753            9.689373            
156.000000          0.248261            8.968654            
157.000000          0.247160            8.927345            
158.000000          0.246462            8.953715            
159.000000          0.246112            8.842313            
160.000000          0.245803            8.807812            
161.000000          0.245569            8.758394            
162.000000          0.245444            9.084842            
163.000000          0.245348            9.092255            
164.000000          0.245277            7.881706            
165.000000          0.244957            7.941633            
166.000000          0.244609            7.913199            
167.000000          0.244208            7.884770            
168.000000          0.244008            8.139224            
169.000000          0.243875            8.027405            
170.000000          0.243808            8.032164            
170.000000          0.243808            8.032164            
171.000000          0.243552            7.846753            
172.000000          0.243393            7.790914            
173.000000          0.243087            7.851705            
174.000000          0.243073            7.975241            
174.000000          0.243073            7.975241            
175.000000          0.242681            8.170866            
175.000000          0.242681            8.170866            
176.000000          0.242538            8.087636            
176.000000          0.242538            8.087636            
177.000000          0.242356            8.048024            
177.000000          0.242356            8.048024            
178.000000          0.242228            8.508354            
179.000000          0.242128            8.488435            
180.000000          0.242120            8.506998            
180.000000          0.242120            8.506998            
181.000000          0.242117            8.516008            
182.000000          0.242020            8.567199            
183.000000          0.241726            9.133013            
183.000000          0.241726            9.133013            
184.000000          0.241673            9.290847            
184.000000          0.241673            9.290847            
184.000000          0.241673            9.290847            
185.000000          0.240868            9.306576            
185.000000          0.240868            9.306576            
186.000000          0.240504            8.955438            
186.000000          0.240504            8.955438            
186.000000          0.240504            8.955438            
187.000000          0.239698            9.009973            
187.000000          0.239698            9.009973            
187.000000          0.239698            9.009973            
188.000000          0.239015            8.912658            
188.000000          0.239015            8.912658            
189.000000          0.238881            9.247972            
189.000000          0.238881            9.247972            
189.000000          0.238881            9.247972            
190.000000          0.238349            9.518417            
190.000000          0.238349            9.518417            
190.000000          0.238349            9.518417            
191.000000          0.237948            9.392630            
191.000000          0.237948            9.392630            
191.000000          0.237948            9.392630            
192.000000          0.237617            9.219131            
192.000000          0.237617            9.219131            
193.000000          0.237588            9.352989            
193.000000          0.237588            9.352989            
193.000000          0.237588            9.352989            
194.000000          0.237440            9.418542            
194.000000          0.237440            9.418542            
194.000000          0.237440            9.418542            
195.000000          0.237326            9.460196            
195.000000          0.237326            9.460196            
195.000000          0.237326            9.460196            
196.000000          0.237072            9.374603            
196.000000          0.237072            9.374603            
196.000000          0.237072            9.374603            
197.000000          0.236991            9.326610            
197.000000          0.236991            9.326610            
197.000000          0.236991            9.326610            
198.000000          0.236748            9.236010            
198.000000          0.236748            9.236010            
198.000000          0.236748            9.236010            
199.000000          0.236661            9.169766            
200.000000          0.236656            8.903679            
201.000000          0.236591            8.368095            
202.000000          0.236527            8.408897            
202.000000          0.236527            8.408897            
203.000000          0.236467            8.419603            
203.000000          0.236467            8.419603            
204.000000          0.236411            8.653590            
204.000000          0.236411            8.653590            
204.000000          0.236411            8.653590            
205.000000          0.236212            8.947978            
205.000000          0.236212            8.947978            
205.000000          0.236212            8.947978            
206.000000          0.236116            8.956993            
206.000000          0.236116            8.956993            
207.000000          0.236101            8.993773            
208.000000          0.236064            9.904384            
208.000000          0.236064            9.904384            
208.000000          0.236064            9.904384            
209.000000          0.235958            9.986778            
209.000000          0.235958            9.986778            
209.000000          0.235958            9.986778            
210.000000          0.235922            9.982998            
210.000000          0.235922            9.982998            
210.000000          0.235922            9.982998            
211.000000          0.235854            10.565087           
211.000000          0.235854            10.565087           
211.000000          0.235854            10.565087           
212.000000          0.235761            10.465066           
212.000000          0.235761            10.465066           
213.000000          0.235578            10.676182           
213.000000          0.235578            10.676182           
213.000000          0.235578            10.676182           
213.000000          0.235578            10.676182           
214.000000          0.234856            10.743069           
214.000000          0.234856            10.743069           
214.000000          0.234856            10.743069           
215.000000          0.234845            10.837426           
215.000000          0.234845            10.837426           
215.000000          0.234845            10.837426           
215.000000          0.234845            10.837426           
216.000000          0.234544            10.953013           
216.000000          0.234544            10.953013           
216.000000          0.234544            10.953013           
216.000000          0.234544            10.953013           
217.000000          0.234499            10.957874           
217.000000          0.234499            10.957874           
218.000000          0.234488            11.103903           
218.000000          0.234488            11.103903           
218.000000          0.234488            11.103903           
219.000000          0.234472            10.976439           
219.000000          0.234472            10.976439           
219.000000          0.234472            10.976439           
219.000000          0.234472            10.976439           
220.000000          0.234448            10.674433           
220.000000          0.234448            10.674433           
220.000000          0.234448            10.674433           
220.000000          0.234448            10.674433           
221.000000          0.234428            10.695381           
222.000000          0.234420            10.553703           
222.000000          0.234420            10.553703           
222.000000          0.234420            10.553703           
222.000000          0.234420            10.553703           
223.000000          0.234399            10.620394           
223.000000          0.234399            10.620394           
223.000000          0.234399            10.620394           
223.000000          0.234399            10.620394           
224.000000          0.234387            10.490616           
224.000000          0.234387            10.490616           
224.000000          0.234387            10.490616           
225.000000          0.234288            10.618960           
225.000000          0.234288            10.618960           
225.000000          0.234288            10.618960           
225.000000          0.234288            10.618960           
225.000000          0.234288            10.618960           
225.000000          0.234288            10.618960           
225.000000          0.234288            10.618960           
225.000000          0.234288            10.618960           


#2659s 2659133ms 2659133410us 
Initial digital shape size: 7481 pixels.