0.000000            12.676985           
1.000000            10.663314           
2.000000            9.634735            
3.000000            8.723990            
4.000000            7.812805            
5.000000            7.091954            
6.000000            6.514531            
7.000000            6.002632            
8.000000            5.586573            
9.000000            5.276085            
10.000000           5.000250            
11.000000           4.744969            
12.000000           4.550631            
13.000000           4.351522            
14.000000           4.166694            
15.000000           4.006132            
16.000000           3.902807            
17.000000           3.792206            
18.000000           3.675848            
19.000000           3.557060            
20.000000           3.457198            
21.000000           3.353078            
22.000000           3.262177            
23.000000           3.185269            
24.000000           3.102557            
25.000000           3.026981            
26.000000           2.949573            
27.000000           2.897204            
28.000000           2.844258            
29.000000           2.778365            
30.000000           2.728353            
31.000000           2.682827            
32.000000           2.621017            
33.000000           2.592883            
34.000000           2.561972            
35.000000           2.514876            
36.000000           2.476407            
37.000000           2.452081            
38.000000           2.427956            
39.000000           2.392776            
40.000000           2.379501            
41.000000           2.370419            
42.000000           2.357021            
43.000000           2.335390            
44.000000           2.290367            
45.000000           2.285079            
46.000000           2.274230            
47.000000           2.262786            
48.000000           2.228554            
49.000000           2.191904            
50.000000           2.170311            
51.000000           2.152615            
52.000000           2.134547            
53.000000           2.118572            
54.000000           2.094047            
55.000000           2.088377            
56.000000           2.084047            
57.000000           2.058542            
58.000000           2.046441            
59.000000           2.039962            
60.000000           2.012133            
61.000000           1.995266            
62.000000           1.993660            
63.000000           1.988740            
64.000000           1.971219            
65.000000           1.953172            
66.000000           1.931694            
67.000000           1.919680            
68.000000           1.914204            
69.000000           1.904753            
70.000000           1.894899            
71.000000           1.889486            
72.000000           1.881023            
73.000000           1.875343            
74.000000           1.869631            
75.000000           1.839483            
76.000000           1.823110            
77.000000           1.815796            
78.000000           1.804267            
79.000000           1.799665            
80.000000           1.790083            
81.000000           1.785959            
82.000000           1.780564            
83.000000           1.770190            
84.000000           1.755651            
85.000000           1.749541            
86.000000           1.742306            
87.000000           1.741519            
#Execution time: 19s 19563ms 19563667us 
