0.000000            12.676985           
1.000000            10.527218           
2.000000            9.371264            
3.000000            8.236269            
4.000000            7.152477            
5.000000            6.397422            
6.000000            5.813424            
7.000000            5.284567            
8.000000            4.891364            
9.000000            4.488568            
10.000000           4.167551            
11.000000           3.933150            
12.000000           3.728926            
13.000000           3.531275            
14.000000           3.375944            
15.000000           3.243073            
16.000000           3.127665            
17.000000           3.020703            
18.000000           2.917696            
19.000000           2.858228            
20.000000           2.814605            
21.000000           2.759517            
22.000000           2.726406            
23.000000           2.681348            
24.000000           2.668158            
25.000000           2.653957            
26.000000           2.609647            
27.000000           2.592748            
28.000000           2.582914            
29.000000           2.576734            
30.000000           2.548140            
31.000000           2.546398            
#Execution time: 10s 10619ms 10619826us 
