0.000000            8.996940            
1.000000            8.874710            
2.000000            7.058326            
3.000000            6.701951            
4.000000            6.214751            
5.000000            5.296373            
6.000000            5.139152            
7.000000            5.275490            
8.000000            4.667192            
9.000000            4.608301            
10.000000           4.693362            
11.000000           4.504850            
12.000000           4.370454            
13.000000           4.430539            
14.000000           4.073772            
15.000000           3.810204            
16.000000           3.898551            
17.000000           3.876153            
18.000000           3.769420            
19.000000           3.589115            
20.000000           3.457627            
21.000000           3.583916            
22.000000           3.532166            
23.000000           3.549754            
24.000000           3.473737            
25.000000           3.130368            
26.000000           3.178729            
27.000000           3.184412            
28.000000           3.155039            
29.000000           3.042100            
30.000000           3.159073            
31.000000           3.126477            
32.000000           2.867110            
33.000000           2.869950            
34.000000           2.917575            
35.000000           2.863160            
36.000000           2.876729            
37.000000           2.800193            
38.000000           2.989832            
39.000000           2.664717            
40.000000           2.732215            
41.000000           2.864029            
42.000000           2.740431            
43.000000           2.818414            
44.000000           2.864743            
45.000000           2.780054            
46.000000           2.722088            
47.000000           2.781831            
48.000000           2.692998            
49.000000           2.614821            
50.000000           2.647405            
51.000000           2.603230            
52.000000           2.494391            
53.000000           2.539290            
54.000000           2.516193            
55.000000           2.529225            
56.000000           2.571792            
57.000000           2.559766            
58.000000           2.530118            
59.000000           2.391798            
60.000000           2.484146            
61.000000           2.433812            
62.000000           2.567820            
63.000000           2.617453            
64.000000           2.493832            
65.000000           2.594211            
66.000000           2.553762            
67.000000           2.589116            
68.000000           2.436749            
69.000000           2.516474            
70.000000           2.483818            
71.000000           2.441157            
72.000000           2.503256            
73.000000           2.443979            
74.000000           2.392837            
75.000000           2.302125            
76.000000           2.271412            
77.000000           2.290679            
78.000000           2.269515            
79.000000           2.222630            
80.000000           2.305746            
81.000000           2.266272            
82.000000           2.171969            
83.000000           2.238467            
84.000000           2.291040            
85.000000           2.383714            
86.000000           2.237271            
87.000000           2.203735            
88.000000           2.038667            
89.000000           2.065494            
90.000000           2.025327            
91.000000           2.107047            
92.000000           2.193346            
93.000000           2.172950            
94.000000           2.052190            
95.000000           2.028050            
96.000000           2.034548            
97.000000           1.992454            
98.000000           1.969912            
99.000000           1.970279            
100.000000          1.978186            
101.000000          2.052483            
102.000000          1.961767            
103.000000          1.966107            
104.000000          2.020466            
105.000000          1.987373            
106.000000          2.018266            
107.000000          1.994556            
108.000000          1.947754            
109.000000          2.059861            
110.000000          2.080711            
111.000000          1.869967            
112.000000          1.852068            
113.000000          1.766692            
114.000000          1.774090            
115.000000          1.827924            
116.000000          1.861622            
117.000000          1.851541            
118.000000          1.793711            
119.000000          1.828630            
120.000000          1.874949            
121.000000          1.720085            
122.000000          1.783837            
123.000000          1.803838            
124.000000          1.795115            
125.000000          1.850604            
126.000000          1.753022            
127.000000          1.784434            
128.000000          1.714931            
129.000000          1.795642            
130.000000          1.730967            
131.000000          1.720160            
132.000000          1.674103            
133.000000          1.708241            
134.000000          1.709519            
135.000000          1.669818            
136.000000          1.558456            
137.000000          1.641587            
138.000000          1.582218            
139.000000          1.602847            
140.000000          1.650557            
141.000000          1.590466            
142.000000          1.526534            
143.000000          1.629144            
144.000000          1.553891            
145.000000          1.562596            
146.000000          1.668949            
147.000000          1.590786            
148.000000          1.637611            
149.000000          1.617505            
150.000000          1.547442            
151.000000          1.473898            
152.000000          1.567669            
153.000000          1.497640            
154.000000          1.503011            
155.000000          1.583856            
156.000000          1.487696            
157.000000          1.520831            
158.000000          1.572424            
159.000000          1.533673            
160.000000          1.500873            
161.000000          1.430151            
162.000000          1.466947            
163.000000          1.499764            
164.000000          1.473193            
165.000000          1.535380            
166.000000          1.526945            
167.000000          1.422286            
168.000000          1.494445            
169.000000          1.561931            
170.000000          1.494700            
171.000000          1.510873            
172.000000          1.517851            
173.000000          1.430275            
174.000000          1.509212            
175.000000          1.442873            
176.000000          1.456226            
177.000000          1.422877            
178.000000          1.405404            
179.000000          1.390962            
180.000000          1.503139            
181.000000          1.477226            
182.000000          1.468668            
183.000000          1.566928            
184.000000          1.454405            
185.000000          1.462150            
186.000000          1.390754            
187.000000          1.424524            
188.000000          1.422734            
189.000000          1.419987            
190.000000          1.419675            
191.000000          1.476522            
192.000000          1.400216            
193.000000          1.418311            
194.000000          1.472386            
195.000000          1.450312            
196.000000          1.441304            
197.000000          1.474272            
198.000000          1.423259            
199.000000          1.479652            
200.000000          1.384431            
201.000000          1.408494            
202.000000          1.349870            
203.000000          1.345202            
204.000000          1.411245            
205.000000          1.366543            
206.000000          1.329126            
207.000000          1.401937            
208.000000          1.384433            
209.000000          1.369024            
210.000000          1.431928            
211.000000          1.391069            
212.000000          1.351007            
213.000000          1.448171            
214.000000          1.413334            
215.000000          1.394825            
216.000000          1.354086            
217.000000          1.413483            
218.000000          1.260162            
219.000000          1.389997            
220.000000          1.436935            
221.000000          1.353454            
222.000000          1.451909            
223.000000          1.458964            
224.000000          1.394774            
225.000000          1.455461            
226.000000          1.378882            
227.000000          1.212235            
228.000000          1.221725            
229.000000          1.163937            
230.000000          1.170414            
231.000000          1.349430            
232.000000          1.225804            
233.000000          1.146737            
234.000000          1.193033            
235.000000          1.163023            
236.000000          1.340735            
237.000000          1.186457            
238.000000          1.187272            
239.000000          1.217957            
240.000000          1.188430            
241.000000          1.277762            
242.000000          1.214065            
243.000000          1.184931            
244.000000          1.109971            
245.000000          1.204075            
246.000000          1.344874            
247.000000          1.223123            
248.000000          1.066643            
249.000000          1.182735            
250.000000          1.276519            
251.000000          1.294845            
252.000000          1.217877            
253.000000          1.200178            
254.000000          1.170219            
255.000000          1.205158            
256.000000          1.290621            
257.000000          1.255319            
258.000000          1.246573            
259.000000          1.142866            
260.000000          1.151771            
261.000000          1.341697            
262.000000          1.164207            
263.000000          1.239507            
264.000000          1.152885            
265.000000          1.271345            
266.000000          1.364693            
267.000000          1.227791            
268.000000          1.254381            
269.000000          1.091554            
270.000000          1.241379            
271.000000          1.337663            
272.000000          1.205655            
273.000000          1.212350            
274.000000          1.184620            
275.000000          1.261437            
276.000000          1.319287            
277.000000          1.226696            
278.000000          1.208341            
279.000000          1.177855            
280.000000          1.310451            
281.000000          1.353506            
282.000000          1.299582            
283.000000          1.181123            
284.000000          1.154482            
285.000000          1.346772            
286.000000          1.297466            
287.000000          1.256054            
288.000000          1.186786            
289.000000          1.232632            
290.000000          1.298905            
291.000000          1.338653            
292.000000          1.319280            
293.000000          1.204796            
294.000000          1.205855            
295.000000          1.369710            
296.000000          1.392466            
297.000000          1.275438            
298.000000          1.185127            
299.000000          1.290864            
300.000000          1.406677            
301.000000          1.460672            
302.000000          1.174738            
303.000000          1.247251            
304.000000          1.291862            
305.000000          1.461289            
306.000000          1.325178            
307.000000          1.276846            
308.000000          1.316864            
309.000000          1.303074            
310.000000          1.407363            
311.000000          1.361738            
312.000000          1.286413            
313.000000          1.283471            
314.000000          1.248862            
315.000000          1.422497            
316.000000          1.379875            
317.000000          1.321233            
318.000000          1.272391            
319.000000          1.266031            
320.000000          1.365167            
321.000000          1.343714            
322.000000          1.294311            
323.000000          1.318145            
324.000000          1.270904            
325.000000          1.348021            
326.000000          1.399115            
327.000000          1.279258            
328.000000          1.378482            
329.000000          1.221559            
330.000000          1.298975            
331.000000          1.400712            
332.000000          1.337623            
333.000000          1.234201            
334.000000          1.223108            
335.000000          1.342163            
336.000000          1.455913            
337.000000          1.304196            
338.000000          1.208570            
339.000000          1.208292            
340.000000          1.395238            
341.000000          1.405919            
342.000000          1.254142            
343.000000          1.261167            
344.000000          1.279864            
345.000000          1.327918            
346.000000          1.351794            
347.000000          1.304988            
348.000000          1.297263            
349.000000          1.193976            
350.000000          1.383894            
351.000000          1.410977            
352.000000          1.385223            
353.000000          1.228268            
354.000000          1.262469            
355.000000          1.408279            
356.000000          1.451507            
357.000000          1.283421            
358.000000          1.267178            
359.000000          1.318779            
360.000000          1.405648            
361.000000          1.344293            
362.000000          1.292702            
363.000000          1.252487            
364.000000          1.323791            
365.000000          1.338291            
366.000000          1.392681            
367.000000          1.343883            
368.000000          1.277786            
369.000000          1.189071            
370.000000          1.376244            
371.000000          1.440214            
372.000000          1.332341            
373.000000          1.212838            
374.000000          1.226189            
375.000000          1.421453            
376.000000          1.417323            
377.000000          1.340529            
378.000000          1.261269            
379.000000          1.245177            
380.000000          1.403086            
381.000000          1.446892            
382.000000          1.273899            
383.000000          1.257842            
384.000000          1.303707            
385.000000          1.387471            
386.000000          1.522691            
387.000000          1.292140            
388.000000          1.236983            
389.000000          1.342511            
390.000000          1.421701            
391.000000          1.419065            
392.000000          1.254310            
393.000000          1.365644            
394.000000          1.286601            
395.000000          1.459603            
396.000000          1.450237            
397.000000          1.354771            
398.000000          1.290137            
399.000000          1.305852            
400.000000          1.522878            
#Execution time: 15s 15561ms 15561684us 
