0.000000            3.983557            
1.000000            2.742445            
2.000000            2.125462            
3.000000            1.759718            
4.000000            1.481980            
5.000000            1.300769            
6.000000            1.164424            
7.000000            1.059523            
8.000000            0.970954            
9.000000            0.906378            
10.000000           0.856816            
11.000000           0.809828            
12.000000           0.769951            
13.000000           0.734505            
14.000000           0.710099            
15.000000           0.686123            
16.000000           0.663155            
17.000000           0.644125            
18.000000           0.625174            
19.000000           0.613555            
20.000000           0.603909            
21.000000           0.591851            
22.000000           0.577750            
23.000000           0.572586            
24.000000           0.564548            
25.000000           0.557217            
26.000000           0.553202            
27.000000           0.548538            
28.000000           0.540614            
29.000000           0.537366            
30.000000           0.531793            
31.000000           0.526245            
32.000000           0.523088            
33.000000           0.520278            
34.000000           0.519325            
35.000000           0.516348            
36.000000           0.510813            
37.000000           0.509135            
38.000000           0.507703            
39.000000           0.505850            
40.000000           0.505092            
41.000000           0.503702            
42.000000           0.502720            
43.000000           0.502382            
44.000000           0.503029            
45.000000           0.502381            
46.000000           0.498638            
47.000000           0.499151            
48.000000           0.499860            
49.000000           0.499917            
50.000000           0.499727            
51.000000           0.500928            
52.000000           0.501736            
53.000000           0.502677            
54.000000           0.501740            
55.000000           0.502521            
56.000000           0.503175            
57.000000           0.499752            
58.000000           0.500106            
59.000000           0.501017            
60.000000           0.501452            
61.000000           0.501689            
62.000000           0.501694            
63.000000           0.503257            
64.000000           0.503566            
65.000000           0.500522            
66.000000           0.495972            
67.000000           0.496395            
68.000000           0.497406            
69.000000           0.498477            
70.000000           0.498530            
71.000000           0.498353            
72.000000           0.498206            
73.000000           0.498935            
74.000000           0.498906            
75.000000           0.498369            
76.000000           0.498960            
77.000000           0.500312            
78.000000           0.500691            
79.000000           0.500605            
#Execution time: 21s 21293ms 21293347us 
