0.000000            3.340710            
1.000000            2.772539            
2.000000            2.527287            
3.000000            2.347346            
4.000000            2.212697            
5.000000            2.128366            
6.000000            2.068171            
7.000000            2.016355            
8.000000            1.978902            
9.000000            1.938415            
10.000000           1.908549            
11.000000           1.888026            
12.000000           1.864799            
13.000000           1.845412            
14.000000           1.824181            
15.000000           1.802764            
16.000000           1.777026            
17.000000           1.761421            
18.000000           1.739363            
19.000000           1.719316            
20.000000           1.696392            
21.000000           1.673544            
22.000000           1.655276            
23.000000           1.635705            
24.000000           1.613453            
25.000000           1.591443            
26.000000           1.570980            
27.000000           1.547636            
28.000000           1.531455            
29.000000           1.506989            
30.000000           1.491764            
31.000000           1.470680            
32.000000           1.447975            
33.000000           1.432890            
34.000000           1.415455            
35.000000           1.396951            
36.000000           1.380003            
37.000000           1.364812            
38.000000           1.350710            
39.000000           1.337374            
40.000000           1.326621            
41.000000           1.325768            
42.000000           1.317776            
43.000000           1.301948            
44.000000           1.297132            
45.000000           1.293193            
46.000000           1.290427            
47.000000           1.283655            
48.000000           1.282292            
49.000000           1.276524            
50.000000           1.278266            
51.000000           1.279195            
52.000000           1.275171            
53.000000           1.274970            
54.000000           1.274483            
55.000000           1.275124            
56.000000           1.274492            
57.000000           1.274069            
58.000000           1.274112            
59.000000           1.274445            
60.000000           1.274374            
61.000000           1.269372            
62.000000           1.272246            
63.000000           1.272029            
64.000000           1.278109            
65.000000           1.278743            
66.000000           1.276712            
67.000000           1.269624            
68.000000           1.274866            
69.000000           1.273116            
70.000000           1.273550            
71.000000           1.282076            
72.000000           1.270257            
73.000000           1.275795            
74.000000           1.272128            
75.000000           1.273704            
76.000000           1.275803            
77.000000           1.271852            
78.000000           1.275805            
79.000000           1.275392            
80.000000           1.276326            
81.000000           1.277197            
82.000000           1.271231            
83.000000           1.270058            
84.000000           1.272854            
85.000000           1.276518            
86.000000           1.280447            
87.000000           1.273516            
88.000000           1.269864            
89.000000           1.274808            
90.000000           1.274473            
91.000000           1.275000            
92.000000           1.274293            
93.000000           1.274202            
94.000000           1.273136            
95.000000           1.276660            
96.000000           1.273682            
97.000000           1.272171            
98.000000           1.272128            
99.000000           1.273749            
100.000000          1.277619            
101.000000          1.274750            
102.000000          1.279903            
103.000000          1.269292            
104.000000          1.273222            
105.000000          1.280152            
106.000000          1.280699            
107.000000          1.278300            
108.000000          1.273620            
109.000000          1.273398            
110.000000          1.277004            
111.000000          1.281157            
112.000000          1.281768            
113.000000          1.268290            
114.000000          1.272246            
115.000000          1.272029            
116.000000          1.275038            
117.000000          1.278743            
118.000000          1.275672            
119.000000          1.270960            
120.000000          1.276382            
121.000000          1.276838            
122.000000          1.277432            
123.000000          1.279270            
124.000000          1.276173            
125.000000          1.270499            
126.000000          1.274579            
127.000000          1.276346            
128.000000          1.277770            
129.000000          1.276811            
130.000000          1.277213            
131.000000          1.271232            
132.000000          1.278204            
133.000000          1.278230            
134.000000          1.277909            
135.000000          1.275359            
136.000000          1.277207            
137.000000          1.270856            
138.000000          1.277619            
139.000000          1.274465            
140.000000          1.272059            
141.000000          1.275359            
142.000000          1.277207            
143.000000          1.270856            
144.000000          1.277619            
145.000000          1.274465            
146.000000          1.272059            
147.000000          1.275359            
148.000000          1.277207            
149.000000          1.270856            
150.000000          1.277619            
151.000000          1.274465            
152.000000          1.272059            
153.000000          1.275359            
154.000000          1.277207            
155.000000          1.270856            
156.000000          1.277619            
157.000000          1.274465            
158.000000          1.272059            
159.000000          1.275359            
160.000000          1.277207            
161.000000          1.270856            
162.000000          1.277619            
163.000000          1.274465            
164.000000          1.272059            
165.000000          1.275359            
166.000000          1.277207            
167.000000          1.270856            
168.000000          1.277619            
169.000000          1.274465            
170.000000          1.272059            
171.000000          1.275359            
172.000000          1.277207            
173.000000          1.270856            
174.000000          1.277619            
175.000000          1.274465            
176.000000          1.272059            
177.000000          1.275359            
178.000000          1.277207            
179.000000          1.270856            
180.000000          1.277619            
181.000000          1.274465            
182.000000          1.272059            
183.000000          1.275359            
184.000000          1.277207            
185.000000          1.270856            
186.000000          1.277619            
187.000000          1.274465            
188.000000          1.272059            
189.000000          1.275359            
190.000000          1.277207            
191.000000          1.270856            
192.000000          1.277619            
193.000000          1.274465            
194.000000          1.272059            
195.000000          1.275359            
196.000000          1.277207            
197.000000          1.270856            
198.000000          1.277619            
199.000000          1.274465            
200.000000          1.272059            
201.000000          1.275359            
202.000000          1.277207            
203.000000          1.270856            
204.000000          1.277619            
205.000000          1.274465            
206.000000          1.272059            
207.000000          1.275359            
208.000000          1.277207            
209.000000          1.270856            
210.000000          1.277619            
211.000000          1.274465            
212.000000          1.272059            
213.000000          1.275359            
214.000000          1.277207            
215.000000          1.270856            
216.000000          1.277619            
217.000000          1.274465            
218.000000          1.272059            
219.000000          1.275359            
220.000000          1.277207            
221.000000          1.270856            
222.000000          1.277619            
223.000000          1.274465            
224.000000          1.272059            
225.000000          1.275359            
226.000000          1.277207            
227.000000          1.270856            
228.000000          1.277619            
229.000000          1.274465            
230.000000          1.272059            
231.000000          1.275359            
232.000000          1.277207            
233.000000          1.270856            
234.000000          1.277619            
235.000000          1.274465            
236.000000          1.272059            
237.000000          1.275359            
238.000000          1.277207            
239.000000          1.270856            
240.000000          1.277619            
241.000000          1.274465            
242.000000          1.272059            
243.000000          1.275359            
244.000000          1.277207            
245.000000          1.270856            
246.000000          1.277619            
247.000000          1.274465            
248.000000          1.272059            
249.000000          1.275359            
250.000000          1.277207            
251.000000          1.270856            
252.000000          1.277619            
253.000000          1.274465            
254.000000          1.272059            
255.000000          1.275359            
256.000000          1.277207            
257.000000          1.270856            
258.000000          1.277619            
259.000000          1.274465            
260.000000          1.272059            
261.000000          1.275359            
262.000000          1.277207            
263.000000          1.270856            
264.000000          1.277619            
265.000000          1.274465            
266.000000          1.272059            
267.000000          1.275359            
268.000000          1.277207            
269.000000          1.270856            
270.000000          1.277619            
271.000000          1.274465            
272.000000          1.272059            
273.000000          1.275359            
274.000000          1.277207            
275.000000          1.270856            
276.000000          1.277619            
277.000000          1.274465            
278.000000          1.272059            
279.000000          1.275359            
280.000000          1.277207            
281.000000          1.270856            
282.000000          1.277619            
283.000000          1.274465            
284.000000          1.272059            
285.000000          1.275359            
286.000000          1.277207            
287.000000          1.270856            
288.000000          1.277619            
289.000000          1.274465            
290.000000          1.272059            
291.000000          1.275359            
292.000000          1.277207            
293.000000          1.270856            
294.000000          1.277619            
295.000000          1.274465            
296.000000          1.272059            
297.000000          1.275359            
298.000000          1.277207            
299.000000          1.270856            
300.000000          1.277619            
301.000000          1.274465            
302.000000          1.272059            
303.000000          1.275359            
304.000000          1.277207            
305.000000          1.270856            
306.000000          1.277619            
307.000000          1.274465            
308.000000          1.272059            
309.000000          1.275359            
310.000000          1.277207            
311.000000          1.270856            
312.000000          1.277619            
313.000000          1.274465            
314.000000          1.272059            
315.000000          1.275359            
316.000000          1.277207            
317.000000          1.270856            
318.000000          1.277619            
319.000000          1.274465            
320.000000          1.272059            
321.000000          1.275359            
322.000000          1.277207            
323.000000          1.270856            
324.000000          1.277619            
325.000000          1.274465            
326.000000          1.272059            
327.000000          1.275359            
328.000000          1.277207            
329.000000          1.270856            
330.000000          1.277619            
331.000000          1.274465            
332.000000          1.272059            
333.000000          1.275359            
334.000000          1.277207            
335.000000          1.270856            
336.000000          1.277619            
337.000000          1.274465            
338.000000          1.272059            
339.000000          1.275359            
340.000000          1.277207            
341.000000          1.270856            
342.000000          1.277619            
343.000000          1.274465            
344.000000          1.272059            
345.000000          1.275359            
346.000000          1.277207            
347.000000          1.270856            
348.000000          1.277619            
349.000000          1.274465            
350.000000          1.272059            
351.000000          1.275359            
352.000000          1.277207            
353.000000          1.270856            
354.000000          1.277619            
355.000000          1.274465            
356.000000          1.272059            
357.000000          1.275359            
358.000000          1.277207            
359.000000          1.270856            
360.000000          1.277619            
361.000000          1.274465            
362.000000          1.272059            
363.000000          1.275359            
364.000000          1.277207            
365.000000          1.270856            
366.000000          1.277619            
367.000000          1.274465            
368.000000          1.272059            
369.000000          1.275359            
370.000000          1.277207            
371.000000          1.270856            
372.000000          1.277619            
373.000000          1.274465            
374.000000          1.272059            
375.000000          1.275359            
376.000000          1.277207            
377.000000          1.270856            
378.000000          1.277619            
379.000000          1.274465            
380.000000          1.272059            
381.000000          1.275359            
382.000000          1.277207            
383.000000          1.270856            
384.000000          1.277619            
385.000000          1.274465            
386.000000          1.272059            
387.000000          1.275359            
388.000000          1.277207            
389.000000          1.270856            
390.000000          1.277619            
391.000000          1.274465            
392.000000          1.272059            
393.000000          1.275359            
394.000000          1.277207            
395.000000          1.270856            
396.000000          1.277619            
397.000000          1.274465            
398.000000          1.272059            
399.000000          1.275359            
400.000000          1.277207            
#Execution time: 27s 27717ms 27717321us 
