0.000000            7.326805            
1.000000            7.253721            
2.000000            7.042661            
3.000000            7.400930            
4.000000            7.456311            
5.000000            7.674010            
6.000000            7.697749            
7.000000            7.808731            
8.000000            7.913503            
9.000000            8.178974            
10.000000           8.256905            
11.000000           8.273866            
12.000000           8.383063            
13.000000           8.692253            
14.000000           8.901187            
15.000000           8.915566            
16.000000           8.924363            
17.000000           8.928881            
18.000000           8.939229            
19.000000           8.943807            
20.000000           8.956905            
21.000000           8.967906            
22.000000           9.058329            
23.000000           9.333238            
24.000000           9.408516            
25.000000           9.559094            
26.000000           9.566316            
27.000000           9.570857            
28.000000           9.579751            
#Execution time: 3s 3032ms 3032372us 
