Iteration           EnergyValue II      EnergyValue MDCA    
0.000000            2.872052            2.833611            
1.000000            2.845789            2.852056            
2.000000            2.820141            2.848366            
3.000000            2.798803            3.482509            
4.000000            2.778097            3.509118            
5.000000            2.761323            4.322397            
6.000000            2.744170            4.660331            
7.000000            2.727943            4.242087            
8.000000            2.714120            4.287530            
9.000000            2.699539            4.528836            
10.000000           2.686812            5.124547            
11.000000           2.671950            6.304915            
12.000000           2.659462            5.839038            
13.000000           2.643808            5.983808            
14.000000           2.631783            6.539013            
15.000000           2.614561            6.735716            
16.000000           2.600005            6.868597            
17.000000           2.586195            6.983644            
18.000000           2.572624            7.531784            
19.000000           2.549575            7.484542            
20.000000           2.535954            8.422913            
21.000000           2.517467            7.217591            
22.000000           2.504078            5.783818            
23.000000           2.489414            7.920316            
24.000000           2.467204            7.295903            
25.000000           2.451862            7.159886            
26.000000           2.432551            6.920986            
27.000000           2.419539            6.431366            
28.000000           2.402462            7.651134            
29.000000           2.388953            7.463889            
30.000000           2.374896            7.326550            
31.000000           2.358148            7.320748            
32.000000           2.344213            7.690319            
33.000000           2.331432            7.189710            
34.000000           2.317833            8.403069            
35.000000           2.298388            6.821480            
36.000000           2.283942            5.499498            
37.000000           2.264813            7.382592            
38.000000           2.249963            6.988872            
39.000000           2.230296            6.938747            
40.000000           2.212420            7.319585            
41.000000           2.196889            7.185636            
42.000000           2.185253            7.076769            
43.000000           2.174252            7.060727            
44.000000           2.160664            7.562566            
45.000000           2.147980            7.260469            
46.000000           2.134340            6.290469            
47.000000           2.122307            5.829497            
48.000000           2.107554            5.759658            
49.000000           2.092254            5.777107            
50.000000           2.079335            5.273953            
51.000000           2.066865            5.788440            
52.000000           2.049589            4.916084            
53.000000           2.037748            4.924361            
54.000000           2.025959            4.907051            
55.000000           2.013798            4.237337            
56.000000           2.001869            4.228024            
57.000000           1.989724            4.168590            
58.000000           1.976671            4.192493            
59.000000           1.966593            4.904187            
60.000000           1.957807            3.562608            
61.000000           1.942455            3.525462            
62.000000           1.931778            3.674327            
63.000000           1.916030            3.596425            
64.000000           1.900272            3.536735            
65.000000           1.887998            2.489212            
66.000000           1.874669            2.303016            
67.000000           1.863052            2.110079            
68.000000           1.850712            2.064347            
69.000000           1.839673            2.305821            
70.000000           1.828573            2.427397            
71.000000           1.818702            2.376710            
72.000000           1.807574            2.563741            
73.000000           1.797788            2.201401            
74.000000           1.784538            2.138942            
75.000000           1.773724            2.225322            
76.000000           1.762924            2.126856            
77.000000           1.751798            2.120233            
78.000000           1.743490            3.273159            
79.000000           1.735310            3.242720            
80.000000           1.726348            3.258136            
81.000000           1.720493            3.243267            
82.000000           1.713762            3.341105            
83.000000           1.707111            3.328972            
84.000000           1.700665            3.412701            
85.000000           1.689392            4.167146            
86.000000           1.682934            3.290628            
87.000000           1.675022            3.946043            
88.000000           1.657174            4.836487            
89.000000           1.647800            5.392569            
90.000000           1.639087            4.712606            
91.000000           1.631683            4.680173            
92.000000           1.625891            5.440420            
93.000000           1.619079            5.998654            
94.000000           1.608556            4.040411            
95.000000           1.600037            4.287599            
96.000000           1.592635            4.182364            
97.000000           1.583611            4.949195            
98.000000           1.575056            4.721125            
99.000000           1.568228            5.008518            
100.000000          1.562017            4.730313            
101.000000          1.554407            4.120408            
102.000000          1.541164            4.994958            
103.000000          1.530404            5.000615            
104.000000          1.521255            4.902854            
105.000000          1.511669            6.497993            
106.000000          1.505393            5.702533            
107.000000          1.499417            4.847803            
108.000000          1.491405            5.378109            
109.000000          1.480012            5.957587            
110.000000          1.472872            6.625700            
111.000000          1.463316            6.475213            
112.000000          1.454915            6.603112            
113.000000          1.447948            6.585965            
114.000000          1.442601            6.805723            
115.000000          1.436316            7.712810            
116.000000          1.428231            7.564997            
117.000000          1.423467            8.391318            
118.000000          1.418232            9.688313            
119.000000          1.412997            9.135249            
120.000000          1.408261            9.996059            
121.000000          1.402862            9.224858            
122.000000          1.399245            9.220264            
123.000000          1.395720            9.208678            
124.000000          1.391603            9.854122            
125.000000          1.388029            10.086688           
126.000000          1.384401            10.850422           
127.000000          1.377516            11.570864           
128.000000          1.374975            10.860652           
129.000000          1.370555            11.650539           
130.000000          1.367093            11.782312           
131.000000          1.362575            11.599707           
132.000000          1.359818            11.951109           
133.000000          1.356603            11.675693           
134.000000          1.353377            13.253056           
135.000000          1.351929            13.708103           
136.000000          1.350511            13.758495           
137.000000          1.348823            14.158398           
138.000000          1.347397            14.196994           
139.000000          1.346650            15.777319           
140.000000          1.345268            14.031613           
141.000000          1.344026            14.047623           
142.000000          1.343230            13.660730           
143.000000          1.343028            13.263440           
144.000000          1.341423            13.125240           
145.000000          1.341233            13.122127           
146.000000          1.340327            13.814249           
147.000000          1.339622            11.166714           
148.000000          1.338561            11.114711           
149.000000          1.336855            11.147304           
150.000000          1.336547            11.294228           
151.000000          1.336424            11.294220           
151.000000          1.336424            11.294220           
152.000000          1.336330            12.772520           
152.000000          1.336330            12.772520           
153.000000          1.335240            14.595763           
154.000000          1.335045            13.331408           
155.000000          1.334896            12.651064           
156.000000          1.333448            12.602995           
157.000000          1.331704            12.896727           
157.000000          1.331704            12.896727           
158.000000          1.331486            12.873405           
159.000000          1.330956            12.477324           
160.000000          1.327417            12.195582           
161.000000          1.323198            11.709626           
162.000000          1.320504            11.154629           
163.000000          1.316893            10.914349           
164.000000          1.315027            11.010355           
165.000000          1.313396            11.404012           
166.000000          1.312818            11.499037           
167.000000          1.311065            11.247465           
168.000000          1.309708            10.909784           
169.000000          1.309594            11.225734           
170.000000          1.309466            11.388378           
171.000000          1.308442            10.912725           
172.000000          1.308252            11.766774           
173.000000          1.308016            11.295778           
173.000000          1.308016            11.295778           
173.000000          1.308016            11.295778           
173.000000          1.308016            11.295778           
174.000000          1.307051            11.882632           
174.000000          1.307051            11.882632           
174.000000          1.307051            11.882632           
174.000000          1.307051            11.882632           
175.000000          1.306486            11.874895           
175.000000          1.306486            11.874895           
176.000000          1.306202            12.861625           
176.000000          1.306202            12.861625           
176.000000          1.306202            12.861625           
176.000000          1.306202            12.861625           
176.000000          1.306202            12.861625           
176.000000          1.306202            12.861625           
176.000000          1.306202            12.861625           
176.000000          1.306202            12.861625           


#2557s 2557861ms 2557861280us 
Initial digital shape size: 25130 pixels.