0.000000            9.885719            
1.000000            11.133690           
2.000000            10.879678           
3.000000            9.886413            
4.000000            8.070230            
5.000000            7.751542            
6.000000            7.891109            
7.000000            7.493331            
8.000000            6.697899            
9.000000            6.131620            
10.000000           5.624460            
11.000000           5.397862            
12.000000           5.164020            
13.000000           5.124187            
14.000000           4.969065            
15.000000           4.981142            
16.000000           4.951536            
17.000000           4.968392            
18.000000           5.255222            
19.000000           4.848377            
20.000000           4.613696            
21.000000           4.761844            
22.000000           4.524706            
23.000000           4.965538            
24.000000           4.940241            
25.000000           4.831795            
26.000000           4.604870            
27.000000           4.541614            
28.000000           4.349342            
29.000000           4.318024            
30.000000           4.271294            
31.000000           4.488644            
32.000000           4.407711            
33.000000           4.360051            
34.000000           4.559711            
35.000000           4.454738            
36.000000           4.596193            
37.000000           4.936327            
38.000000           4.761470            
39.000000           4.539805            
40.000000           4.585251            
41.000000           4.463560            
42.000000           4.371864            
43.000000           4.442334            
44.000000           4.331266            
45.000000           4.618247            
46.000000           4.438459            
47.000000           4.254662            
48.000000           4.301396            
49.000000           4.266187            
50.000000           4.247436            
51.000000           4.279555            
52.000000           4.475329            
53.000000           4.429939            
54.000000           4.416313            
55.000000           4.379666            
56.000000           4.502683            
57.000000           4.609398            
58.000000           4.615809            
59.000000           4.502861            
60.000000           4.696118            
61.000000           4.740220            
62.000000           4.805604            
63.000000           4.740388            
64.000000           4.366889            
65.000000           4.368343            
66.000000           4.591512            
67.000000           4.496088            
68.000000           4.388727            
69.000000           4.508202            
70.000000           4.583399            
71.000000           4.872836            
72.000000           4.609923            
73.000000           4.877728            
74.000000           4.802012            
75.000000           5.027812            
76.000000           4.857531            
77.000000           5.024552            
78.000000           4.709693            
79.000000           4.873126            
80.000000           4.994227            
81.000000           5.071568            
82.000000           4.892850            
83.000000           4.704573            
84.000000           4.937957            
85.000000           5.255121            
86.000000           4.995223            
87.000000           4.738949            
88.000000           4.930810            
89.000000           5.011484            
90.000000           5.107707            
91.000000           4.872418            
92.000000           5.094602            
93.000000           5.351125            
94.000000           5.199585            
95.000000           4.991699            
96.000000           4.933742            
97.000000           5.032155            
98.000000           5.280912            
99.000000           5.217292            
100.000000          5.075413            
101.000000          5.272690            
102.000000          5.242165            
103.000000          5.109178            
104.000000          4.997238            
105.000000          5.045311            
106.000000          5.232095            
107.000000          5.100698            
108.000000          5.273333            
109.000000          5.091748            
110.000000          5.102670            
111.000000          5.058193            
112.000000          4.952540            
113.000000          5.029893            
114.000000          5.056196            
115.000000          5.072375            
116.000000          5.065838            
117.000000          5.190664            
118.000000          4.726868            
119.000000          5.004869            
120.000000          4.980684            
121.000000          5.017451            
122.000000          4.875174            
123.000000          5.156051            
124.000000          5.165917            
125.000000          4.883450            
126.000000          4.858610            
127.000000          4.927896            
128.000000          4.634942            
129.000000          4.909121            
130.000000          4.683547            
131.000000          4.716780            
132.000000          4.618063            
133.000000          4.806670            
134.000000          4.520437            
135.000000          4.737018            
136.000000          4.643054            
137.000000          4.563182            
138.000000          4.581478            
139.000000          4.577906            
140.000000          4.422865            
141.000000          4.674714            
142.000000          4.692035            
143.000000          4.523898            
144.000000          4.481825            
145.000000          4.255268            
146.000000          4.224045            
147.000000          4.368949            
148.000000          4.295478            
149.000000          4.258994            
150.000000          4.242573            
151.000000          4.251428            
152.000000          4.263168            
153.000000          4.231598            
154.000000          4.311581            
155.000000          4.374729            
156.000000          4.265339            
157.000000          4.125263            
158.000000          4.108170            
159.000000          4.127904            
160.000000          4.100300            
161.000000          4.111188            
162.000000          4.096780            
163.000000          4.081970            
#Execution time: 19s 19406ms 19406290us 
