0.000000            4.555994            
1.000000            4.520175            
2.000000            4.615480            
3.000000            4.674917            
4.000000            4.634008            
5.000000            4.612314            
6.000000            4.688270            
7.000000            4.760923            
8.000000            4.805161            
9.000000            4.931111            
10.000000           4.977094            
11.000000           5.112804            
12.000000           5.274378            
13.000000           5.638551            
14.000000           6.127407            
15.000000           6.249540            
16.000000           6.457049            
17.000000           6.744281            
18.000000           6.978341            
19.000000           7.207885            
20.000000           7.390711            
21.000000           7.482866            
22.000000           7.635371            
23.000000           7.808365            
24.000000           7.767658            
25.000000           7.895256            
26.000000           7.787695            
27.000000           7.797569            
28.000000           7.892160            
29.000000           7.883178            
30.000000           7.811089            
31.000000           7.879649            
32.000000           7.807595            
33.000000           8.093200            
34.000000           7.541794            
35.000000           7.112009            
36.000000           6.942947            
37.000000           6.927517            
38.000000           6.945616            
39.000000           6.865524            
40.000000           6.903280            
41.000000           6.556743            
42.000000           6.629511            
43.000000           6.639057            
44.000000           6.542027            
45.000000           6.347953            
46.000000           6.392708            
47.000000           6.517970            
48.000000           6.705718            
49.000000           6.764210            
50.000000           6.648174            
51.000000           6.821773            
52.000000           6.762178            
53.000000           6.987630            
54.000000           6.933170            
55.000000           6.877081            
56.000000           6.903280            
57.000000           6.556743            
58.000000           6.629511            
59.000000           6.639057            
60.000000           6.542027            
61.000000           6.347953            
62.000000           6.392708            
63.000000           6.517970            
64.000000           6.705718            
65.000000           6.764210            
66.000000           6.648174            
67.000000           6.821773            
68.000000           6.762178            
69.000000           6.987630            
70.000000           6.933170            
71.000000           6.877081            
72.000000           6.903280            
73.000000           6.556743            
74.000000           6.629511            
75.000000           6.639057            
76.000000           6.542027            
77.000000           6.347953            
78.000000           6.392708            
79.000000           6.517970            
80.000000           6.705718            
81.000000           6.764210            
82.000000           6.648174            
83.000000           6.821773            
84.000000           6.762178            
85.000000           6.987630            
86.000000           6.933170            
87.000000           6.877081            
88.000000           6.903280            
89.000000           6.556743            
90.000000           6.629511            
91.000000           6.639057            
92.000000           6.542027            
93.000000           6.347953            
94.000000           6.392708            
95.000000           6.517970            
96.000000           6.705718            
97.000000           6.764210            
98.000000           6.648174            
99.000000           6.821773            
100.000000          6.762178            
101.000000          6.987630            
102.000000          6.933170            
103.000000          6.877081            
104.000000          6.903280            
105.000000          6.556743            
106.000000          6.629511            
107.000000          6.639057            
108.000000          6.542027            
109.000000          6.347953            
110.000000          6.392708            
111.000000          6.517970            
112.000000          6.705718            
113.000000          6.764210            
114.000000          6.648174            
115.000000          6.821773            
116.000000          6.762178            
117.000000          6.987630            
118.000000          6.933170            
119.000000          6.877081            
120.000000          6.903280            
121.000000          6.556743            
122.000000          6.629511            
123.000000          6.639057            
124.000000          6.542027            
125.000000          6.347953            
126.000000          6.392708            
127.000000          6.517970            
128.000000          6.705718            
129.000000          6.764210            
130.000000          6.648174            
131.000000          6.821773            
132.000000          6.762178            
133.000000          6.987630            
134.000000          6.933170            
135.000000          6.877081            
136.000000          6.903280            
137.000000          6.556743            
138.000000          6.629511            
139.000000          6.639057            
140.000000          6.542027            
141.000000          6.347953            
142.000000          6.392708            
143.000000          6.517970            
144.000000          6.705718            
145.000000          6.764210            
146.000000          6.648174            
147.000000          6.821773            
148.000000          6.762178            
149.000000          6.987630            
150.000000          6.933170            
151.000000          6.877081            
152.000000          6.903280            
153.000000          6.556743            
154.000000          6.629511            
155.000000          6.639057            
156.000000          6.542027            
157.000000          6.347953            
158.000000          6.392708            
159.000000          6.517970            
160.000000          6.705718            
161.000000          6.764210            
162.000000          6.648174            
163.000000          6.821773            
164.000000          6.762178            
165.000000          6.987630            
166.000000          6.933170            
167.000000          6.877081            
168.000000          6.903280            
169.000000          6.556743            
170.000000          6.629511            
171.000000          6.639057            
172.000000          6.542027            
173.000000          6.347953            
174.000000          6.392708            
175.000000          6.517970            
176.000000          6.705718            
177.000000          6.764210            
178.000000          6.648174            
179.000000          6.821773            
180.000000          6.762178            
181.000000          6.987630            
182.000000          6.933170            
183.000000          6.877081            
184.000000          6.903280            
185.000000          6.556743            
186.000000          6.629511            
187.000000          6.639057            
188.000000          6.542027            
189.000000          6.347953            
190.000000          6.392708            
191.000000          6.517970            
192.000000          6.705718            
193.000000          6.764210            
194.000000          6.648174            
195.000000          6.821773            
196.000000          6.762178            
197.000000          6.987630            
198.000000          6.933170            
199.000000          6.877081            
200.000000          6.903280            
201.000000          6.556743            
202.000000          6.629511            
203.000000          6.639057            
204.000000          6.542027            
205.000000          6.347953            
206.000000          6.392708            
207.000000          6.517970            
208.000000          6.705718            
209.000000          6.764210            
210.000000          6.648174            
211.000000          6.821773            
212.000000          6.762178            
213.000000          6.987630            
214.000000          6.933170            
215.000000          6.877081            
216.000000          6.903280            
217.000000          6.556743            
218.000000          6.629511            
219.000000          6.639057            
220.000000          6.542027            
221.000000          6.347953            
222.000000          6.392708            
223.000000          6.517970            
224.000000          6.705718            
225.000000          6.764210            
226.000000          6.648174            
227.000000          6.821773            
228.000000          6.762178            
229.000000          6.987630            
230.000000          6.933170            
231.000000          6.877081            
232.000000          6.903280            
233.000000          6.556743            
234.000000          6.629511            
235.000000          6.639057            
236.000000          6.542027            
237.000000          6.347953            
238.000000          6.392708            
239.000000          6.517970            
240.000000          6.705718            
241.000000          6.764210            
242.000000          6.648174            
243.000000          6.821773            
244.000000          6.762178            
245.000000          6.987630            
246.000000          6.933170            
247.000000          6.877081            
248.000000          6.903280            
249.000000          6.556743            
250.000000          6.629511            
251.000000          6.639057            
252.000000          6.542027            
253.000000          6.347953            
254.000000          6.392708            
255.000000          6.517970            
256.000000          6.705718            
257.000000          6.764210            
258.000000          6.648174            
259.000000          6.821773            
260.000000          6.762178            
261.000000          6.987630            
262.000000          6.933170            
263.000000          6.877081            
264.000000          6.903280            
265.000000          6.556743            
266.000000          6.629511            
267.000000          6.639057            
268.000000          6.542027            
269.000000          6.347953            
270.000000          6.392708            
271.000000          6.517970            
272.000000          6.705718            
273.000000          6.764210            
274.000000          6.648174            
275.000000          6.821773            
276.000000          6.762178            
277.000000          6.987630            
278.000000          6.933170            
279.000000          6.877081            
280.000000          6.903280            
281.000000          6.556743            
282.000000          6.629511            
283.000000          6.639057            
284.000000          6.542027            
285.000000          6.347953            
286.000000          6.392708            
287.000000          6.517970            
288.000000          6.705718            
289.000000          6.764210            
290.000000          6.648174            
291.000000          6.821773            
292.000000          6.762178            
293.000000          6.987630            
294.000000          6.933170            
295.000000          6.877081            
296.000000          6.903280            
297.000000          6.556743            
298.000000          6.629511            
299.000000          6.639057            
300.000000          6.542027            
301.000000          6.347953            
302.000000          6.392708            
303.000000          6.517970            
304.000000          6.705718            
305.000000          6.764210            
306.000000          6.648174            
307.000000          6.821773            
308.000000          6.762178            
309.000000          6.987630            
310.000000          6.933170            
311.000000          6.877081            
312.000000          6.903280            
313.000000          6.556743            
314.000000          6.629511            
315.000000          6.639057            
316.000000          6.542027            
317.000000          6.347953            
318.000000          6.392708            
319.000000          6.517970            
320.000000          6.705718            
321.000000          6.764210            
322.000000          6.648174            
323.000000          6.821773            
324.000000          6.762178            
325.000000          6.987630            
326.000000          6.933170            
327.000000          6.877081            
328.000000          6.903280            
329.000000          6.556743            
330.000000          6.629511            
331.000000          6.639057            
332.000000          6.542027            
333.000000          6.347953            
334.000000          6.392708            
335.000000          6.517970            
336.000000          6.705718            
337.000000          6.764210            
338.000000          6.648174            
339.000000          6.821773            
340.000000          6.762178            
341.000000          6.987630            
342.000000          6.933170            
343.000000          6.877081            
344.000000          6.903280            
345.000000          6.556743            
346.000000          6.629511            
347.000000          6.639057            
348.000000          6.542027            
349.000000          6.347953            
350.000000          6.392708            
351.000000          6.517970            
352.000000          6.705718            
353.000000          6.764210            
354.000000          6.648174            
355.000000          6.821773            
356.000000          6.762178            
357.000000          6.987630            
358.000000          6.933170            
359.000000          6.877081            
360.000000          6.903280            
361.000000          6.556743            
362.000000          6.629511            
363.000000          6.639057            
364.000000          6.542027            
365.000000          6.347953            
366.000000          6.392708            
367.000000          6.517970            
368.000000          6.705718            
369.000000          6.764210            
370.000000          6.648174            
371.000000          6.821773            
372.000000          6.762178            
373.000000          6.987630            
374.000000          6.933170            
375.000000          6.877081            
376.000000          6.903280            
377.000000          6.556743            
378.000000          6.629511            
379.000000          6.639057            
380.000000          6.542027            
381.000000          6.347953            
382.000000          6.392708            
383.000000          6.517970            
384.000000          6.705718            
385.000000          6.764210            
386.000000          6.648174            
387.000000          6.821773            
388.000000          6.762178            
389.000000          6.987630            
390.000000          6.933170            
391.000000          6.877081            
392.000000          6.903280            
393.000000          6.556743            
394.000000          6.629511            
395.000000          6.639057            
396.000000          6.542027            
397.000000          6.347953            
398.000000          6.392708            
399.000000          6.517970            
400.000000          6.705718            
#Execution time: 757s 757705ms 757705522us 
