Iteration           EnergyValue II      EnergyValue MDCA    
0.000000            1.426740            4.243982            
1.000000            1.406437            4.206201            
2.000000            1.387510            4.168420            
3.000000            1.371213            4.170045            
4.000000            1.356301            4.193189            
5.000000            1.342885            4.215710            
6.000000            1.329963            4.346751            
7.000000            1.317436            4.425648            
8.000000            1.305432            4.938201            
9.000000            1.293364            4.929486            
10.000000           1.282984            4.983799            
11.000000           1.274907            5.303637            
12.000000           1.266864            5.348815            
13.000000           1.259477            5.465562            
14.000000           1.250924            5.626875            
15.000000           1.243099            5.946204            
16.000000           1.236291            5.903342            
17.000000           1.230739            6.079290            
18.000000           1.225509            6.098053            
19.000000           1.219655            6.128635            
20.000000           1.214167            6.200953            
21.000000           1.209462            6.700939            
22.000000           1.203310            6.759022            
23.000000           1.197106            6.921090            
24.000000           1.192674            7.169090            
25.000000           1.188414            7.134502            
26.000000           1.184433            7.626157            
27.000000           1.180939            7.598766            
28.000000           1.177474            7.677979            
29.000000           1.175441            8.063339            
30.000000           1.171097            7.955262            
31.000000           1.165965            8.030688            
32.000000           1.163160            8.060455            
33.000000           1.160134            8.152354            
34.000000           1.155867            8.083793            
35.000000           1.152814            8.371002            
36.000000           1.152055            7.949074            
37.000000           1.149364            7.820520            
38.000000           1.148283            8.005138            
39.000000           1.148205            8.154309            
40.000000           1.146138            8.041748            
41.000000           1.141890            8.252916            
42.000000           1.140840            8.115327            
43.000000           1.138766            8.174634            
44.000000           1.137497            7.641537            
45.000000           1.135741            7.736010            
46.000000           1.134921            7.847568            
47.000000           1.134505            7.667700            
48.000000           1.133527            7.897545            
49.000000           1.131560            7.604211            
50.000000           1.131157            7.494525            
51.000000           1.131042            7.726179            
52.000000           1.130189            8.072844            
52.000000           1.130189            8.072844            
53.000000           1.117371            7.897524            
54.000000           1.116755            7.839303            
54.000000           1.116755            7.839303            
55.000000           1.103994            7.810679            
56.000000           1.103905            7.723185            
57.000000           1.103571            7.468638            
58.000000           1.103163            7.403688            
59.000000           1.101697            7.501924            
59.000000           1.101697            7.501924            
60.000000           1.088957            7.409223            
61.000000           1.088870            7.410430            
62.000000           1.088209            7.320289            
63.000000           1.087962            7.982082            
63.000000           1.087962            7.982082            
64.000000           1.076752            8.590508            
64.000000           1.076752            8.590508            
65.000000           1.063822            8.944499            
66.000000           1.063712            8.593353            
66.000000           1.063712            8.593353            
67.000000           1.052294            8.849128            
68.000000           1.051730            9.167942            
68.000000           1.051730            9.167942            
69.000000           1.040745            8.653833            
70.000000           1.037853            8.197608            
71.000000           1.037058            8.250368            
72.000000           1.035614            8.551323            
73.000000           1.035532            8.259677            
73.000000           1.035532            8.259677            
74.000000           1.025114            8.557094            
74.000000           1.025114            8.557094            
75.000000           1.014892            8.023101            
76.000000           1.014526            7.973715            
77.000000           1.013836            7.838790            
78.000000           1.009226            7.457582            
79.000000           1.005180            6.914402            
80.000000           1.003725            7.061546            
81.000000           0.999497            6.674654            
82.000000           0.999209            6.797693            
83.000000           0.996465            6.056144            
83.000000           0.996465            6.056144            
84.000000           0.986707            5.729128            
84.000000           0.986707            5.729128            
85.000000           0.977511            5.866793            
86.000000           0.977428            5.929746            
87.000000           0.977206            5.862683            
88.000000           0.974656            5.868576            
88.000000           0.974656            5.868576            
89.000000           0.965565            5.846245            
89.000000           0.965565            5.846245            
90.000000           0.956597            5.880376            
90.000000           0.956597            5.880376            
91.000000           0.948211            5.723576            
92.000000           0.947305            6.325452            
92.000000           0.947305            6.325452            
93.000000           0.940185            6.584231            
94.000000           0.935382            6.166799            
95.000000           0.932040            6.274578            
96.000000           0.929149            5.938096            
97.000000           0.928541            5.569287            
97.000000           0.928541            5.569287            
98.000000           0.921272            5.733022            
99.000000           0.921207            5.526885            
99.000000           0.921207            5.526885            
100.000000          0.914278            5.534249            
100.000000          0.914278            5.534249            
101.000000          0.908203            5.597648            
102.000000          0.907219            5.899319            
103.000000          0.905492            6.546370            
104.000000          0.905054            6.126855            
105.000000          0.903502            5.347412            
105.000000          0.903502            5.347412            
106.000000          0.898308            5.318974            
107.000000          0.897834            5.279451            
107.000000          0.897834            5.279451            
108.000000          0.892552            5.325877            
108.000000          0.892552            5.325877            
109.000000          0.887283            5.097693            
109.000000          0.887283            5.097693            
110.000000          0.882128            5.538408            
110.000000          0.882128            5.538408            
111.000000          0.877231            5.746734            
112.000000          0.868452            5.619314            
113.000000          0.863450            4.719281            
113.000000          0.863450            4.719281            
114.000000          0.859138            4.707556            
115.000000          0.859088            5.150575            
115.000000          0.859088            5.150575            
116.000000          0.854921            4.778406            
117.000000          0.854697            4.775494            
118.000000          0.853970            5.074271            
118.000000          0.853970            5.074271            
119.000000          0.850321            5.407831            
119.000000          0.850321            5.407831            
120.000000          0.847203            5.531042            
120.000000          0.847203            5.531042            
121.000000          0.844081            5.472274            
121.000000          0.844081            5.472274            
122.000000          0.841413            5.583865            
122.000000          0.841413            5.583865            
123.000000          0.839165            5.513064            
123.000000          0.839165            5.513064            
124.000000          0.836952            5.600077            
124.000000          0.836952            5.600077            
125.000000          0.835169            5.917180            
125.000000          0.835169            5.917180            
126.000000          0.833492            6.442377            
126.000000          0.833492            6.442377            
127.000000          0.831805            6.540266            
127.000000          0.831805            6.540266            
128.000000          0.829875            6.333561            
128.000000          0.829875            6.333561            
129.000000          0.828409            6.242027            
129.000000          0.828409            6.242027            
130.000000          0.827107            6.408895            
130.000000          0.827107            6.408895            
131.000000          0.825948            6.445718            
131.000000          0.825948            6.445718            
132.000000          0.825084            6.411692            
132.000000          0.825084            6.411692            
133.000000          0.824538            6.761935            
133.000000          0.824538            6.761935            
134.000000          0.824008            6.801862            
134.000000          0.824008            6.801862            
135.000000          0.821209            6.291377            
135.000000          0.821209            6.291377            
136.000000          0.820643            6.493265            
136.000000          0.820643            6.493265            
137.000000          0.820068            6.926102            
137.000000          0.820068            6.926102            
138.000000          0.819807            6.785236            
138.000000          0.819807            6.785236            
139.000000          0.819368            6.792685            
139.000000          0.819368            6.792685            
140.000000          0.819204            6.654011            
140.000000          0.819204            6.654011            
141.000000          0.819161            6.875392            
141.000000          0.819161            6.875392            
142.000000          0.818683            7.001163            
142.000000          0.818683            7.001163            
142.000000          0.818683            7.001163            
143.000000          0.817295            7.146547            
143.000000          0.817295            7.146547            
143.000000          0.817295            7.146547            
144.000000          0.815974            6.747309            
144.000000          0.815974            6.747309            
145.000000          0.815809            6.878839            
145.000000          0.815809            6.878839            
146.000000          0.815371            6.924184            
146.000000          0.815371            6.924184            
146.000000          0.815371            6.924184            
147.000000          0.814107            6.974216            
147.000000          0.814107            6.974216            
148.000000          0.814068            7.076485            
148.000000          0.814068            7.076485            
149.000000          0.813956            6.992548            
149.000000          0.813956            6.992548            
149.000000          0.813956            6.992548            
150.000000          0.813127            7.024445            
150.000000          0.813127            7.024445            
150.000000          0.813127            7.024445            
151.000000          0.812685            6.943338            
151.000000          0.812685            6.943338            
151.000000          0.812685            6.943338            
152.000000          0.812383            6.633351            
152.000000          0.812383            6.633351            
152.000000          0.812383            6.633351            
153.000000          0.811499            6.325784            
153.000000          0.811499            6.325784            
153.000000          0.811499            6.325784            
154.000000          0.811264            6.148428            
154.000000          0.811264            6.148428            
154.000000          0.811264            6.148428            
155.000000          0.811076            6.497412            
155.000000          0.811076            6.497412            
155.000000          0.811076            6.497412            
156.000000          0.810254            6.635857            
156.000000          0.810254            6.635857            
156.000000          0.810254            6.635857            
157.000000          0.810064            6.555162            
157.000000          0.810064            6.555162            
158.000000          0.809139            6.486632            
158.000000          0.809139            6.486632            
159.000000          0.808831            6.394492            
159.000000          0.808831            6.394492            
159.000000          0.808831            6.394492            
160.000000          0.808726            6.425776            
160.000000          0.808726            6.425776            
160.000000          0.808726            6.425776            
161.000000          0.808663            6.697413            
162.000000          0.808254            6.461972            
162.000000          0.808254            6.461972            
163.000000          0.807788            6.452032            
163.000000          0.807788            6.452032            
164.000000          0.807717            6.558609            
164.000000          0.807717            6.558609            
164.000000          0.807717            6.558609            
165.000000          0.807711            6.508590            
165.000000          0.807711            6.508590            
166.000000          0.807673            6.495805            
166.000000          0.807673            6.495805            
166.000000          0.807673            6.495805            
166.000000          0.807673            6.495805            
167.000000          0.807128            6.454801            
167.000000          0.807128            6.454801            
167.000000          0.807128            6.454801            
167.000000          0.807128            6.454801            
168.000000          0.806966            6.769332            
168.000000          0.806966            6.769332            
168.000000          0.806966            6.769332            
168.000000          0.806966            6.769332            
169.000000          0.806886            6.755797            
169.000000          0.806886            6.755797            
169.000000          0.806886            6.755797            
169.000000          0.806886            6.755797            
170.000000          0.806812            6.688000            
170.000000          0.806812            6.688000            
170.000000          0.806812            6.688000            
170.000000          0.806812            6.688000            
171.000000          0.806695            6.788783            
171.000000          0.806695            6.788783            
171.000000          0.806695            6.788783            
171.000000          0.806695            6.788783            
171.000000          0.806695            6.788783            
171.000000          0.806695            6.788783            
171.000000          0.806695            6.788783            
171.000000          0.806695            6.788783            


#1110s 1110604ms 1110604977us 
Initial digital shape size: 7481 pixels.