0.000000            13.835851           
1.000000            10.444554           
2.000000            9.537283            
3.000000            9.161603            
4.000000            8.793098            
5.000000            8.395455            
6.000000            7.885239            
7.000000            7.700408            
8.000000            7.393170            
9.000000            7.209978            
10.000000           7.105224            
11.000000           6.762819            
12.000000           6.640072            
13.000000           6.420945            
#Execution time: 1s 1152ms 1152778us 
