0.000000            9.885719            
1.000000            9.564012            
2.000000            7.554892            
3.000000            6.783873            
4.000000            6.430725            
5.000000            6.169433            
6.000000            5.600675            
7.000000            5.406769            
8.000000            5.046550            
9.000000            4.829026            
10.000000           4.834981            
11.000000           4.170796            
12.000000           4.040911            
13.000000           3.919172            
14.000000           4.046154            
15.000000           3.659847            
16.000000           3.782571            
17.000000           3.761282            
18.000000           3.639661            
19.000000           3.539353            
20.000000           3.557249            
21.000000           3.629399            
22.000000           3.502484            
23.000000           3.466667            
24.000000           3.492972            
25.000000           3.326554            
26.000000           3.369467            
27.000000           3.405386            
28.000000           3.350041            
29.000000           3.358210            
30.000000           3.373095            
31.000000           3.525753            
32.000000           3.423016            
33.000000           3.352036            
34.000000           3.279755            
35.000000           3.355744            
36.000000           3.236130            
37.000000           3.250422            
38.000000           3.362881            
39.000000           3.346509            
40.000000           3.263503            
41.000000           3.304189            
42.000000           3.326493            
43.000000           3.385183            
44.000000           3.389835            
45.000000           3.346497            
46.000000           3.400321            
47.000000           3.396159            
48.000000           3.395122            
49.000000           3.409014            
50.000000           3.431031            
51.000000           3.340000            
52.000000           3.377533            
53.000000           3.436078            
54.000000           3.391768            
55.000000           3.436734            
56.000000           3.423662            
57.000000           3.338596            
58.000000           3.352183            
59.000000           3.331792            
60.000000           3.353383            
61.000000           3.363125            
62.000000           3.407373            
63.000000           3.320320            
64.000000           3.292430            
65.000000           3.318342            
66.000000           3.349213            
67.000000           3.348133            
68.000000           3.269624            
69.000000           3.312053            
70.000000           3.300139            
71.000000           3.310891            
72.000000           3.329412            
73.000000           3.320074            
74.000000           3.361703            
75.000000           3.373123            
76.000000           3.324585            
77.000000           3.382388            
78.000000           3.318904            
79.000000           3.341712            
80.000000           3.335711            
81.000000           3.337095            
82.000000           3.382963            
83.000000           3.320382            
84.000000           3.313948            
85.000000           3.317914            
86.000000           3.348117            
87.000000           3.471654            
88.000000           3.351184            
89.000000           3.363833            
90.000000           3.344715            
91.000000           3.418910            
92.000000           3.315872            
93.000000           3.329668            
94.000000           3.349368            
95.000000           3.431455            
96.000000           3.297467            
97.000000           3.337093            
98.000000           3.365995            
99.000000           3.414427            
100.000000          3.290056            
101.000000          3.372396            
102.000000          3.485364            
103.000000          3.525419            
104.000000          3.384563            
105.000000          3.318614            
106.000000          3.331618            
107.000000          3.416711            
108.000000          3.363507            
109.000000          3.427782            
110.000000          3.381734            
111.000000          3.404832            
112.000000          3.398247            
113.000000          3.456163            
114.000000          3.491002            
115.000000          3.508499            
116.000000          3.591426            
117.000000          3.497094            
118.000000          3.492250            
119.000000          3.498341            
120.000000          3.607035            
121.000000          3.508901            
122.000000          3.565052            
123.000000          3.550945            
124.000000          3.641717            
125.000000          3.594338            
126.000000          3.614806            
127.000000          3.670564            
128.000000          3.663084            
129.000000          3.581875            
130.000000          3.608568            
131.000000          3.666466            
132.000000          3.621706            
133.000000          3.680341            
134.000000          3.563403            
135.000000          3.579163            
136.000000          3.630566            
137.000000          3.698213            
138.000000          3.633110            
139.000000          3.687002            
140.000000          3.681435            
141.000000          3.652951            
142.000000          3.731992            
143.000000          3.616200            
144.000000          3.623846            
145.000000          3.644089            
146.000000          3.767739            
147.000000          3.642814            
148.000000          3.746359            
149.000000          3.678898            
150.000000          3.695569            
151.000000          3.748172            
152.000000          3.677215            
153.000000          3.698854            
154.000000          3.686042            
155.000000          3.754419            
156.000000          3.631100            
157.000000          3.711201            
158.000000          3.639279            
159.000000          3.658425            
160.000000          3.687451            
161.000000          3.662445            
162.000000          3.680053            
163.000000          3.669324            
164.000000          3.688505            
165.000000          3.707069            
166.000000          3.671199            
167.000000          3.644474            
168.000000          3.637662            
169.000000          3.675464            
170.000000          3.703643            
171.000000          3.641338            
172.000000          3.666579            
173.000000          3.829072            
174.000000          3.879129            
175.000000          3.889681            
176.000000          3.824910            
177.000000          3.883870            
178.000000          3.877269            
179.000000          3.929203            
180.000000          3.929775            
181.000000          3.875997            
182.000000          3.898229            
183.000000          3.947448            
184.000000          3.965243            
185.000000          3.968897            
186.000000          4.022105            
187.000000          3.953173            
188.000000          4.141543            
189.000000          4.073563            
190.000000          4.209055            
191.000000          4.320222            
192.000000          4.323516            
193.000000          4.062854            
194.000000          4.379452            
195.000000          4.354753            
196.000000          4.318935            
197.000000          4.334420            
198.000000          4.257626            
199.000000          4.324398            
200.000000          4.190224            
201.000000          4.141739            
202.000000          4.254626            
203.000000          4.253851            
204.000000          4.254579            
205.000000          4.409903            
206.000000          4.470601            
207.000000          4.446112            
208.000000          4.469758            
209.000000          4.491769            
210.000000          4.428181            
211.000000          4.397851            
212.000000          4.448805            
213.000000          4.417440            
214.000000          4.531140            
215.000000          4.570734            
216.000000          4.525823            
217.000000          4.485533            
218.000000          4.538020            
219.000000          4.524923            
220.000000          4.557258            
221.000000          4.565313            
222.000000          4.507207            
223.000000          4.489783            
224.000000          4.540334            
225.000000          4.525378            
226.000000          4.566817            
227.000000          4.578380            
228.000000          4.524796            
229.000000          4.495969            
230.000000          4.533076            
231.000000          4.546734            
232.000000          4.553548            
233.000000          4.582231            
234.000000          4.510700            
235.000000          4.495168            
236.000000          4.528910            
237.000000          4.552068            
238.000000          4.569360            
239.000000          4.591875            
240.000000          4.571900            
241.000000          4.497218            
242.000000          4.495251            
243.000000          4.525246            
244.000000          4.602182            
245.000000          4.694404            
246.000000          4.651616            
247.000000          4.663111            
248.000000          4.681374            
249.000000          4.605537            
250.000000          4.624963            
251.000000          4.649403            
252.000000          4.657888            
253.000000          4.655560            
254.000000          4.662158            
255.000000          4.646902            
256.000000          4.691156            
257.000000          4.661504            
258.000000          4.820209            
259.000000          4.758319            
260.000000          4.790764            
261.000000          4.821439            
262.000000          4.764366            
263.000000          4.777662            
264.000000          4.785367            
265.000000          4.794467            
266.000000          4.803021            
267.000000          4.816796            
268.000000          4.820777            
269.000000          4.836882            
270.000000          4.757109            
271.000000          4.796399            
272.000000          4.783436            
273.000000          4.878754            
274.000000          4.939524            
275.000000          4.951291            
276.000000          4.985728            
277.000000          4.935270            
278.000000          4.954644            
279.000000          4.967292            
280.000000          4.972000            
281.000000          4.888622            
282.000000          4.908099            
283.000000          4.926716            
284.000000          4.938442            
285.000000          4.951110            
286.000000          4.952381            
287.000000          4.950054            
288.000000          4.956919            
289.000000          4.969067            
290.000000          5.061548            
291.000000          5.088399            
292.000000          4.995898            
293.000000          5.014512            
294.000000          5.026236            
295.000000          5.038902            
296.000000          5.040128            
297.000000          5.040248            
298.000000          5.031168            
299.000000          5.043038            
300.000000          5.052102            
301.000000          5.052766            
302.000000          5.061048            
303.000000          5.065588            
304.000000          5.076430            
#Execution time: 12s 12879ms 12879730us 
