Iteration           EnergyValue II      EnergyValue MDCA    
0.000000            6.192320            3.355202            
1.000000            5.815265            3.654616            
2.000000            5.570344            3.512478            
3.000000            5.430780            3.719554            
4.000000            5.321053            3.784750            
5.000000            5.205689            3.838883            
6.000000            5.154581            4.155249            
7.000000            5.135855            4.272216            
8.000000            5.084112            4.178653            
9.000000            5.075046            4.256843            
10.000000           5.032314            3.841859            
11.000000           5.030728            3.910336            
12.000000           5.018265            3.905840            
13.000000           5.008280            3.893257            
14.000000           5.001546            4.081369            
15.000000           5.000782            4.016247            
16.000000           4.990034            3.830167            
17.000000           4.981517            3.791911            
18.000000           4.974660            3.996949            
19.000000           4.954920            3.795519            
20.000000           4.951663            3.964233            
21.000000           4.949292            4.272593            
22.000000           4.942199            3.829908            
23.000000           4.921724            3.712766            
24.000000           4.901962            4.242139            
25.000000           4.878571            4.214230            
26.000000           4.851649            3.886618            
27.000000           4.802142            3.912214            
28.000000           4.771000            3.950871            
29.000000           4.690747            4.607817            
30.000000           4.656411            4.663510            
31.000000           4.620876            4.507139            
32.000000           4.608623            5.000837            
33.000000           4.607397            4.968369            
34.000000           4.600956            4.823790            
35.000000           4.598967            4.869119            
35.000000           4.598967            4.869119            
36.000000           4.286998            4.792130            
36.000000           4.286998            4.792130            
37.000000           4.117787            4.702524            
38.000000           4.091231            4.687623            
39.000000           4.079586            4.646960            
40.000000           4.039808            4.516260            
41.000000           4.031892            4.482718            
42.000000           4.022807            4.569352            
43.000000           4.015538            4.094058            
44.000000           4.012654            4.390849            
45.000000           3.981817            4.431852            
45.000000           3.981817            4.431852            
46.000000           3.911158            4.389544            
46.000000           3.911158            4.389544            
47.000000           3.864347            4.334527            
48.000000           3.836739            4.325599            
48.000000           3.836739            4.325599            
49.000000           3.798662            4.228620            
50.000000           3.762886            4.288264            
50.000000           3.762886            4.288264            
51.000000           3.702992            4.436410            
52.000000           3.702568            4.622907            
53.000000           3.694453            4.314982            
53.000000           3.694453            4.314982            
54.000000           3.664019            4.327736            
54.000000           3.664019            4.327736            
55.000000           3.649299            4.257438            
55.000000           3.649299            4.257438            
56.000000           3.643245            4.511917            
56.000000           3.643245            4.511917            
56.000000           3.643245            4.511917            
57.000000           3.590614            4.536165            
57.000000           3.590614            4.536165            
58.000000           3.583089            4.688703            
59.000000           3.573828            4.715536            
60.000000           3.565258            4.740840            
61.000000           3.561702            5.249118            
62.000000           3.557296            4.974327            
63.000000           3.551662            5.259003            
63.000000           3.551662            5.259003            
64.000000           3.549612            5.247705            
64.000000           3.549612            5.247705            
65.000000           3.542856            5.259451            
65.000000           3.542856            5.259451            
65.000000           3.542856            5.259451            
66.000000           3.506888            5.673256            
66.000000           3.506888            5.673256            
66.000000           3.506888            5.673256            
67.000000           3.476680            5.618796            
67.000000           3.476680            5.618796            
67.000000           3.476680            5.618796            
68.000000           3.464324            5.558808            
68.000000           3.464324            5.558808            
68.000000           3.464324            5.558808            
69.000000           3.453456            5.931586            
69.000000           3.453456            5.931586            
69.000000           3.453456            5.931586            
70.000000           3.441363            5.354540            
70.000000           3.441363            5.354540            
71.000000           3.439937            5.580853            
71.000000           3.439937            5.580853            
71.000000           3.439937            5.580853            
72.000000           3.427182            5.428216            
73.000000           3.408974            5.231521            
74.000000           3.393844            5.215734            
75.000000           3.389373            5.182537            
75.000000           3.389373            5.182537            
75.000000           3.389373            5.182537            
76.000000           3.378396            5.174842            
77.000000           3.373921            5.043320            
77.000000           3.373921            5.043320            
77.000000           3.373921            5.043320            
78.000000           3.367066            4.650083            
78.000000           3.367066            4.650083            
78.000000           3.367066            4.650083            
79.000000           3.347816            4.886778            
79.000000           3.347816            4.886778            
79.000000           3.347816            4.886778            
80.000000           3.342088            4.888394            
81.000000           3.296205            4.536801            
81.000000           3.296205            4.536801            
82.000000           3.281176            4.630165            
83.000000           3.235237            4.666069            
83.000000           3.235237            4.666069            
83.000000           3.235237            4.666069            
84.000000           3.230846            4.673590            
84.000000           3.230846            4.673590            
84.000000           3.230846            4.673590            
85.000000           3.227259            4.873294            
86.000000           3.223010            4.846387            
87.000000           3.217854            5.325723            
87.000000           3.217854            5.325723            
87.000000           3.217854            5.325723            
88.000000           3.205419            5.310199            
88.000000           3.205419            5.310199            
88.000000           3.205419            5.310199            
89.000000           3.201859            5.309699            
89.000000           3.201859            5.309699            
89.000000           3.201859            5.309699            
90.000000           3.199687            5.258115            
90.000000           3.199687            5.258115            
90.000000           3.199687            5.258115            
91.000000           3.182607            5.248580            
91.000000           3.182607            5.248580            
91.000000           3.182607            5.248580            
92.000000           3.181438            5.410438            
92.000000           3.181438            5.410438            
93.000000           3.178517            4.915648            
93.000000           3.178517            4.915648            
94.000000           3.148026            5.289637            
94.000000           3.148026            5.289637            
94.000000           3.148026            5.289637            
95.000000           3.134712            5.259736            
95.000000           3.134712            5.259736            
95.000000           3.134712            5.259736            
96.000000           3.134630            5.258267            
96.000000           3.134630            5.258267            
97.000000           3.129865            5.383900            
97.000000           3.129865            5.383900            
97.000000           3.129865            5.383900            
97.000000           3.129865            5.383900            
98.000000           3.097588            5.406630            
98.000000           3.097588            5.406630            
98.000000           3.097588            5.406630            
99.000000           3.080945            5.545508            
99.000000           3.080945            5.545508            
99.000000           3.080945            5.545508            
100.000000          3.056016            5.530832            
101.000000          3.048098            5.399571            
101.000000          3.048098            5.399571            
102.000000          3.045627            5.739376            
102.000000          3.045627            5.739376            
103.000000          3.028142            6.044593            
103.000000          3.028142            6.044593            
103.000000          3.028142            6.044593            
104.000000          3.011993            6.085740            
104.000000          3.011993            6.085740            
105.000000          3.010316            6.083620            
106.000000          3.006512            6.081751            
106.000000          3.006512            6.081751            
107.000000          2.994400            6.723792            
107.000000          2.994400            6.723792            
107.000000          2.994400            6.723792            
108.000000          2.966643            6.747713            
108.000000          2.966643            6.747713            
108.000000          2.966643            6.747713            
109.000000          2.919115            5.787250            
109.000000          2.919115            5.787250            
109.000000          2.919115            5.787250            
110.000000          2.896927            5.819579            
110.000000          2.896927            5.819579            
111.000000          2.890277            6.066794            
111.000000          2.890277            6.066794            
111.000000          2.890277            6.066794            
112.000000          2.858280            6.594509            
112.000000          2.858280            6.594509            
112.000000          2.858280            6.594509            
113.000000          2.857020            6.570133            
113.000000          2.857020            6.570133            
113.000000          2.857020            6.570133            
114.000000          2.849347            7.059633            
114.000000          2.849347            7.059633            
114.000000          2.849347            7.059633            
115.000000          2.844450            7.077312            
116.000000          2.832972            7.057023            
116.000000          2.832972            7.057023            
116.000000          2.832972            7.057023            
117.000000          2.831771            7.068627            
117.000000          2.831771            7.068627            
117.000000          2.831771            7.068627            
117.000000          2.831771            7.068627            
118.000000          2.797269            7.052907            
118.000000          2.797269            7.052907            
119.000000          2.793760            6.805691            
119.000000          2.793760            6.805691            
119.000000          2.793760            6.805691            
120.000000          2.792677            6.815411            
120.000000          2.792677            6.815411            
120.000000          2.792677            6.815411            
120.000000          2.792677            6.815411            
121.000000          2.786108            6.831000            
121.000000          2.786108            6.831000            
121.000000          2.786108            6.831000            
122.000000          2.784157            6.662090            
122.000000          2.784157            6.662090            
122.000000          2.784157            6.662090            
123.000000          2.783046            6.652371            
123.000000          2.783046            6.652371            
123.000000          2.783046            6.652371            
123.000000          2.783046            6.652371            
124.000000          2.771695            6.595061            
124.000000          2.771695            6.595061            
124.000000          2.771695            6.595061            
125.000000          2.764140            6.266168            
125.000000          2.764140            6.266168            
125.000000          2.764140            6.266168            
125.000000          2.764140            6.266168            
126.000000          2.753726            6.297834            
126.000000          2.753726            6.297834            
126.000000          2.753726            6.297834            
126.000000          2.753726            6.297834            
127.000000          2.752183            6.075558            
128.000000          2.750814            6.292686            
128.000000          2.750814            6.292686            
128.000000          2.750814            6.292686            
129.000000          2.743702            6.304829            
129.000000          2.743702            6.304829            
129.000000          2.743702            6.304829            
130.000000          2.730742            6.202870            
130.000000          2.730742            6.202870            
130.000000          2.730742            6.202870            
130.000000          2.730742            6.202870            
131.000000          2.716288            6.172124            
131.000000          2.716288            6.172124            
131.000000          2.716288            6.172124            
132.000000          2.703375            6.259603            
132.000000          2.703375            6.259603            
132.000000          2.703375            6.259603            
132.000000          2.703375            6.259603            
133.000000          2.700435            6.245314            
133.000000          2.700435            6.245314            
133.000000          2.700435            6.245314            
133.000000          2.700435            6.245314            
134.000000          2.694257            6.112847            
134.000000          2.694257            6.112847            
134.000000          2.694257            6.112847            
135.000000          2.689277            6.118519            
135.000000          2.689277            6.118519            
136.000000          2.680066            6.128895            
136.000000          2.680066            6.128895            
136.000000          2.680066            