0.000000            8.996940            
1.000000            6.532831            
2.000000            6.790159            
3.000000            6.838741            
4.000000            7.091345            
5.000000            6.439533            
6.000000            6.516930            
7.000000            6.631543            
8.000000            7.026094            
9.000000            6.811463            
10.000000           7.186374            
11.000000           7.433252            
#Execution time: 13s 13655ms 13655129us 
