0.000000            6.068504            
1.000000            6.001753            
2.000000            5.791901            
3.000000            6.149416            
4.000000            6.205511            
5.000000            6.422432            
6.000000            6.446131            
7.000000            6.557599            
8.000000            6.662355            
9.000000            6.927707            
10.000000           7.005222            
11.000000           7.022139            
12.000000           7.131507            
13.000000           7.440895            
14.000000           7.648994            
15.000000           7.657017            
16.000000           7.665811            
17.000000           7.670336            
18.000000           7.680692            
19.000000           7.685278            
20.000000           7.698363            
21.000000           7.709316            
22.000000           7.800234            
23.000000           8.074531            
24.000000           8.149647            
25.000000           8.293871            
26.000000           8.301110            
27.000000           8.305660            
28.000000           8.314552            
#Execution time: 2s 2558ms 2558634us 
