#Grabcut execution time: 0s 650ms 650941us 
0.000000            93.366443           
1.000000            82.239802           
2.000000            76.903800           
3.000000            75.404879           
4.000000            74.301485           
5.000000            73.211706           
6.000000            72.537654           
7.000000            71.922044           
8.000000            71.543530           
9.000000            71.324607           
10.000000           70.933121           
11.000000           70.698624           
12.000000           70.338536           
13.000000           70.137077           
14.000000           69.964744           
15.000000           69.605907           
16.000000           69.307548           
17.000000           69.167678           
18.000000           68.923269           
19.000000           68.607463           
20.000000           68.369191           
21.000000           68.210894           
22.000000           67.943085           
23.000000           67.876501           
24.000000           67.860580           
#Execution time: 22s 22453ms 22453510us 
