Iteration           EnergyValue II      EnergyValue MDCA    
0.000000            2.344372            9.803080            
1.000000            2.300788            11.393146           
2.000000            2.264324            11.569394           
3.000000            2.233265            12.323511           
4.000000            2.201176            12.480929           
5.000000            2.173580            13.228010           
6.000000            2.150502            13.499870           
7.000000            2.131111            13.726994           
8.000000            2.114545            16.217223           
9.000000            2.099356            17.090140           
10.000000           2.085499            17.061495           
11.000000           2.074531            16.589525           
12.000000           2.064994            16.721489           
13.000000           2.057665            16.477895           
14.000000           2.051236            16.573501           
15.000000           2.045812            16.550886           
16.000000           2.041897            16.142607           
17.000000           2.038430            18.669846           
18.000000           2.036595            16.772128           
19.000000           2.035129            16.390011           
20.000000           2.034948            16.769920           
21.000000           2.034720            16.400287           
22.000000           2.034109            16.797951           
23.000000           2.033775            16.363311           
24.000000           2.033455            16.304930           
25.000000           2.032796            17.716561           
26.000000           2.032529            16.227764           
27.000000           2.032519            16.581415           
27.000000           2.032519            16.581415           
28.000000           2.028144            16.643650           
28.000000           2.028144            16.643650           
29.000000           2.024725            17.206559           
29.000000           2.024725            17.206559           
30.000000           2.021907            17.867756           
31.000000           2.021794            18.762175           
32.000000           2.021494            18.331536           
33.000000           2.021274            17.831371           
34.000000           2.021267            17.975614           
35.000000           2.021209            17.811919           
36.000000           2.021071            17.815647           
37.000000           2.021030            19.305355           
38.000000           2.021025            20.469183           
39.000000           2.020729            18.949188           
40.000000           2.020563            19.625981           
41.000000           2.020444            18.943516           
42.000000           2.020352            18.948794           
43.000000           2.020294            19.613043           
44.000000           2.020021            19.663366           
44.000000           2.020021            19.663366           
45.000000           2.017380            19.408307           
46.000000           2.017299            20.843833           
47.000000           2.016791            19.824485           
48.000000           2.016671            21.450995           
49.000000           2.016604            19.913688           
50.000000           2.016587            19.927568           
51.000000           2.016395            21.038094           
52.000000           2.016385            21.867631           
53.000000           2.015972            22.252719           
53.000000           2.015972            22.252719           
54.000000           2.014232            22.822988           
54.000000           2.014232            22.822988           
55.000000           2.012838            22.547527           
56.000000           2.012635            21.558161           
57.000000           2.011942            20.735735           
57.000000           2.011942            20.735735           
58.000000           2.010825            20.573968           
59.000000           2.010430            20.345898           
59.000000           2.010430            20.345898           
60.000000           2.009622            20.547198           
61.000000           2.009190            20.381658           
62.000000           2.008931            21.069447           
62.000000           2.008931            21.069447           
63.000000           2.008310            20.935247           
63.000000           2.008310            20.935247           
64.000000           2.007624            20.843050           
64.000000           2.007624            20.843050           
65.000000           2.007541            21.001190           
66.000000           2.007474            20.351674           
67.000000           2.006925            20.280900           
68.000000           2.006675            20.645621           
69.000000           2.006424            20.254049           
70.000000           2.006010            20.293398           
70.000000           2.006010            20.293398           
71.000000           2.005956            20.375540           
71.000000           2.005956            20.375540           
71.000000           2.005956            20.375540           
72.000000           2.004137            19.954352           
73.000000           2.004103            21.062279           
74.000000           2.003790            21.101155           
74.000000           2.003790            21.101155           
75.000000           2.003607            21.009914           
75.000000           2.003607            21.009914           
76.000000           2.003323            21.045306           
77.000000           2.003161            21.319699           
77.000000           2.003161            21.319699           
77.000000           2.003161            21.319699           
78.000000           2.001859            21.377604           
79.000000           2.001643            22.386082           
79.000000           2.001643            22.386082           
80.000000           2.001290            20.987987           
81.000000           2.001276            21.661279           
81.000000           2.001276            21.661279           
81.000000           2.001276            21.661279           
82.000000           2.000376            22.704515           
82.000000           2.000376            22.704515           
83.000000           2.000325            21.629547           
84.000000           2.000107            21.591660           
84.000000           2.000107            21.591660           
84.000000           2.000107            21.591660           
85.000000           1.999211            21.701569           
85.000000           1.999211            21.701569           
85.000000           1.999211            21.701569           
86.000000           1.998552            20.989075           
86.000000           1.998552            20.989075           
87.000000           1.998479            21.496273           
87.000000           1.998479            21.496273           
87.000000           1.998479            21.496273           
88.000000           1.998158            21.472822           
89.000000           1.998080            21.590004           
89.000000           1.998080            21.590004           
89.000000           1.998080            21.590004           
90.000000           1.997702            21.729745           
90.000000           1.997702            21.729745           
91.000000           1.997664            22.789950           
91.000000           1.997664            22.789950           
91.000000           1.997664            22.789950           
92.000000           1.997485            21.758830           
92.000000           1.997485            21.758830           
92.000000           1.997485            21.758830           
92.000000           1.997485            21.758830           
93.000000           1.997212            23.004601           
93.000000           1.997212            23.004601           
93.000000           1.997212            23.004601           
93.000000           1.997212            23.004601           
94.000000           1.997157            22.626696           
95.000000           1.997134            23.461225           
95.000000           1.997134            23.461225           
96.000000           1.997051            22.806527           
96.000000           1.997051            22.806527           
97.000000           1.996913            22.487060           
97.000000           1.996913            22.487060           
97.000000           1.996913            22.487060           
98.000000           1.996620            22.315541           
98.000000           1.996620            22.315541           
98.000000           1.996620            22.315541           
98.000000           1.996620            22.315541           
99.000000           1.996602            22.443728           
99.000000           1.996602            22.443728           
99.000000           1.996602            22.443728           
99.000000           1.996602            22.443728           
99.000000           1.996602            22.443728           
100.000000          1.996507            23.094985           
100.000000          1.996507            23.094985           
100.000000          1.996507            23.094985           
100.000000          1.996507            23.094985           
100.000000          1.996507            23.094985           
101.000000          1.996432            23.016119           
101.000000          1.996432            23.016119           
101.000000          1.996432            23.016119           
101.000000          1.996432            23.016119           
102.000000          1.996297            24.528376           
102.000000          1.996297            24.528376           
102.000000          1.996297            24.528376           
102.000000          1.996297            24.528376           
102.000000          1.996297            24.528376           
103.000000          1.996238            24.477329           
103.000000          1.996238            24.477329           
103.000000          1.996238            24.477329           
103.000000          1.996238            24.477329           
103.000000          1.996238            24.477329           
104.000000          1.996196            25.753653           
104.000000          1.996196            25.753653           
104.000000          1.996196            25.753653           
104.000000          1.996196            25.753653           
104.000000          1.996196            25.753653           
105.000000          1.996169            27.974947           
105.000000          1.996169            27.974947           
105.000000          1.996169            27.974947           
105.000000          1.996169            27.974947           
105.000000          1.996169            27.974947           
106.000000          1.996056            26.520483           
106.000000          1.996056            26.520483           
106.000000          1.996056            26.520483           
106.000000          1.996056            26.520483           
106.000000          1.996056            26.520483           
106.000000          1.996056            26.520483           
106.000000          1.996056            26.520483           
106.000000          1.996056            26.520483           
106.000000          1.996056            26.520483           
106.000000          1.996056            26.520483           


#803s 803022ms 803022758us 
Initial digital shape size: 11527 pixels.