0.000000            8.996940            
1.000000            10.130560           
2.000000            9.838685            
3.000000            8.995929            
4.000000            7.212730            
5.000000            7.059695            
6.000000            7.171947            
7.000000            7.414025            
8.000000            7.569156            
9.000000            7.253654            
10.000000           6.905412            
11.000000           6.688208            
12.000000           6.473206            
13.000000           6.559907            
14.000000           6.546178            
15.000000           6.423132            
16.000000           6.143225            
17.000000           6.530806            
18.000000           6.198187            
19.000000           6.077351            
20.000000           6.362927            
21.000000           5.946474            
22.000000           6.393972            
23.000000           6.193758            
24.000000           6.530072            
25.000000           5.976438            
26.000000           6.573274            
27.000000           6.272096            
28.000000           6.208639            
29.000000           6.537042            
30.000000           6.286475            
31.000000           6.397213            
32.000000           6.159202            
33.000000           6.043515            
34.000000           6.459579            
35.000000           6.480228            
36.000000           6.177223            
37.000000           6.765599            
38.000000           6.480788            
39.000000           6.623330            
40.000000           6.140415            
41.000000           6.533949            
42.000000           6.680133            
43.000000           6.394617            
44.000000           6.572539            
45.000000           6.379120            
46.000000           6.858103            
47.000000           6.872488            
48.000000           6.626613            
49.000000           6.520213            
50.000000           6.357696            
51.000000           6.394050            
52.000000           6.780755            
53.000000           6.684770            
54.000000           6.462034            
55.000000           6.216603            
56.000000           6.730372            
57.000000           6.764446            
58.000000           6.375858            
59.000000           6.142245            
60.000000           6.455073            
61.000000           6.598279            
62.000000           6.561083            
63.000000           6.474933            
64.000000           6.590318            
65.000000           6.633088            
66.000000           6.608968            
67.000000           6.597608            
68.000000           6.551344            
69.000000           6.772260            
70.000000           6.725156            
71.000000           6.511256            
72.000000           6.593451            
73.000000           6.454174            
74.000000           6.802669            
75.000000           6.667189            
76.000000           6.485896            
77.000000           6.619335            
78.000000           6.855350            
79.000000           7.285526            
80.000000           7.076395            
81.000000           6.972932            
82.000000           6.551177            
83.000000           6.813965            
84.000000           6.707422            
85.000000           6.834464            
86.000000           6.450901            
87.000000           6.845806            
88.000000           7.182129            
89.000000           6.953061            
90.000000           6.652498            
91.000000           6.581525            
92.000000           6.862441            
93.000000           6.958003            
94.000000           6.927609            
95.000000           6.703414            
96.000000           6.534505            
97.000000           6.865348            
98.000000           6.747958            
99.000000           6.823147            
100.000000          6.751498            
101.000000          6.752012            
102.000000          6.614317            
103.000000          6.535621            
104.000000          6.888440            
105.000000          7.045198            
106.000000          7.023323            
107.000000          6.841244            
108.000000          6.629312            
109.000000          6.539396            
110.000000          6.439077            
111.000000          6.739893            
112.000000          7.080146            
113.000000          6.850642            
114.000000          6.815764            
115.000000          6.743265            
116.000000          6.657093            
117.000000          6.777215            
118.000000          6.733531            
119.000000          6.775904            
120.000000          6.948039            
121.000000          7.107195            
122.000000          6.875377            
123.000000          6.724258            
124.000000          6.576810            
125.000000          6.613593            
126.000000          6.586154            
127.000000          6.575616            
128.000000          6.758256            
129.000000          6.760265            
130.000000          6.752551            
131.000000          7.026995            
132.000000          7.082830            
133.000000          6.958034            
134.000000          6.901524            
135.000000          6.749702            
136.000000          6.609467            
137.000000          6.554689            
138.000000          6.556660            
139.000000          6.765479            
140.000000          6.942781            
141.000000          7.187924            
142.000000          7.090626            
143.000000          7.085380            
144.000000          7.026764            
145.000000          6.905314            
146.000000          6.812494            
147.000000          6.643833            
148.000000          6.572342            
149.000000          6.701573            
150.000000          6.943790            
151.000000          7.189909            
152.000000          7.090347            
153.000000          7.174185            
154.000000          6.967657            
155.000000          6.906817            
156.000000          6.809708            
157.000000          6.607059            
158.000000          6.780514            
159.000000          6.898067            
160.000000          7.018333            
161.000000          7.039055            
162.000000          7.234466            
163.000000          6.984312            
164.000000          6.944128            
165.000000          6.902447            
166.000000          6.939382            
167.000000          6.608338            
168.000000          6.866111            
169.000000          6.847372            
170.000000          7.041929            
171.000000          7.071668            
172.000000          7.062775            
173.000000          7.124778            
174.000000          7.035121            
175.000000          6.965106            
176.000000          6.841011            
177.000000          6.949749            
178.000000          6.910332            
179.000000          7.040166            
180.000000          7.029972            
181.000000          7.124258            
182.000000          7.036093            
183.000000          7.030673            
184.000000          6.918366            
185.000000          6.963613            
186.000000          6.831998            
187.000000          6.939122            
188.000000          6.910332            
189.000000          7.040166            
190.000000          7.029972            
191.000000          7.124258            
192.000000          7.036093            
193.000000          7.030673            
194.000000          6.918366            
195.000000          6.963613            
196.000000          6.831998            
197.000000          6.939122            
198.000000          6.910332            
199.000000          7.040166            
200.000000          7.029972            
201.000000          7.124258            
202.000000          7.036093            
203.000000          7.030673            
204.000000          6.918366            
205.000000          6.963613            
206.000000          6.831998            
207.000000          6.939122            
208.000000          6.910332            
209.000000          7.040166            
210.000000          7.029972            
211.000000          7.124258            
212.000000          7.036093            
213.000000          7.030673            
214.000000          6.918366            
215.000000          6.963613            
216.000000          6.831998            
217.000000          6.939122            
218.000000          6.910332            
219.000000          7.040166            
220.000000          7.029972            
221.000000          7.124258            
222.000000          7.036093            
223.000000          7.030673            
224.000000          6.918366            
225.000000          6.963613            
226.000000          6.831998            
227.000000          6.939122            
228.000000          6.910332            
229.000000          7.040166            
230.000000          7.029972            
231.000000          7.124258            
232.000000          7.036093            
233.000000          7.030673            
234.000000          6.918366            
235.000000          6.963613            
236.000000          6.831998            
237.000000          6.939122            
238.000000          6.910332            
239.000000          7.040166            
240.000000          7.029972            
241.000000          7.124258            
242.000000          7.036093            
243.000000          7.030673            
244.000000          6.918366            
245.000000          6.963613            
246.000000          6.831998            
247.000000          6.939122            
248.000000          6.910332            
249.000000          7.040166            
250.000000          7.029972            
251.000000          7.124258            
252.000000          7.036093            
253.000000          7.030673            
254.000000          6.918366            
255.000000          6.963613            
256.000000          6.831998            
257.000000          6.939122            
258.000000          6.910332            
259.000000          7.040166            
260.000000          7.029972            
261.000000          7.124258            
262.000000          7.036093            
263.000000          7.030673            
264.000000          6.918366            
265.000000          6.963613            
266.000000          6.831998            
267.000000          6.939122            
268.000000          6.910332            
269.000000          7.040166            
270.000000          7.029972            
271.000000          7.124258            
272.000000          7.036093            
273.000000          7.030673            
274.000000          6.918366            
275.000000          6.963613            
276.000000          6.831998            
277.000000          6.939122            
278.000000          6.910332            
279.000000          7.040166            
280.000000          7.029972            
281.000000          7.124258            
282.000000          7.036093            
283.000000          7.030673            
284.000000          6.918366            
285.000000          6.963613            
286.000000          6.831998            
287.000000          6.939122            
288.000000          6.910332            
289.000000          7.040166            
290.000000          7.029972            
291.000000          7.124258            
292.000000          7.036093            
293.000000          7.030673            
294.000000          6.918366            
295.000000          6.963613            
296.000000          6.831998            
297.000000          6.939122            
298.000000          6.910332            
299.000000          7.040166            
300.000000          7.029972            
301.000000          7.124258            
302.000000          7.036093            
303.000000          7.030673            
304.000000          6.918366            
305.000000          6.963613            
306.000000          6.831998            
307.000000          6.939122            
308.000000          6.910332            
309.000000          7.040166            
310.000000          7.029972            
311.000000          7.124258            
312.000000          7.036093            
313.000000          7.030673            
314.000000          6.918366            
315.000000          6.963613            
316.000000          6.831998            
317.000000          6.939122            
318.000000          6.910332            
319.000000          7.040166            
320.000000          7.029972            
321.000000          7.124258            
322.000000          7.036093            
323.000000          7.030673            
324.000000          6.918366            
325.000000          6.963613            
326.000000          6.831998            
327.000000          6.939122            
328.000000          6.910332            
329.000000          7.040166            
330.000000          7.029972            
331.000000          7.124258            
332.000000          7.036093            
333.000000          7.030673            
334.000000          6.918366            
335.000000          6.963613            
336.000000          6.831998            
337.000000          6.939122            
338.000000          6.910332            
339.000000          7.040166            
340.000000          7.029972            
341.000000          7.124258            
342.000000          7.036093            
343.000000          7.030673            
344.000000          6.918366            
345.000000          6.963613            
346.000000          6.831998            
347.000000          6.939122            
348.000000          6.910332            
349.000000          7.040166            
350.000000          7.029972            
351.000000          7.124258            
352.000000          7.036093            
353.000000          7.030673            
354.000000          6.918366            
355.000000          6.963613            
356.000000          6.831998            
357.000000          6.939122            
358.000000          6.910332            
359.000000          7.040166            
360.000000          7.029972            
361.000000          7.124258            
362.000000          7.036093            
363.000000          7.030673            
364.000000          6.918366            
365.000000          6.963613            
366.000000          6.831998            
367.000000          6.939122            
368.000000          6.910332            
369.000000          7.040166            
370.000000          7.029972            
371.000000          7.124258            
372.000000          7.036093            
373.000000          7.030673            
374.000000          6.918366            
375.000000          6.963613            
376.000000          6.831998            
377.000000          6.939122            
378.000000          6.910332            
379.000000          7.040166            
380.000000          7.029972            
381.000000          7.124258            
382.000000          7.036093            
383.000000          7.030673            
384.000000          6.918366            
385.000000          6.963613            
386.000000          6.831998            
387.000000          6.939122            
388.000000          6.910332            
389.000000          7.040166            
390.000000          7.029972            
391.000000          7.124258            
392.000000          7.036093            
393.000000          7.030673            
394.000000          6.918366            
395.000000          6.963613            
396.000000          6.831998            
397.000000          6.939122            
398.000000          6.910332            
399.000000          7.040166            
400.000000          7.029972            
#Execution time: 34s 34576ms 34576282us 
