0.000000            9.885719            
1.000000            7.379524            
2.000000            7.628743            
3.000000            7.666844            
4.000000            7.910359            
5.000000            7.231297            
6.000000            7.304114            
7.000000            7.418175            
8.000000            7.789626            
9.000000            7.554659            
10.000000           7.920026            
11.000000           8.168237            
#Execution time: 13s 13560ms 13560457us 
