0.000000            3.983557            
1.000000            2.824910            
2.000000            2.102703            
3.000000            1.598919            
4.000000            1.281059            
5.000000            1.091758            
6.000000            0.972984            
7.000000            0.885022            
8.000000            0.816629            
9.000000            0.759995            
10.000000           0.720651            
11.000000           0.678598            
12.000000           0.649179            
13.000000           0.623692            
14.000000           0.601541            
15.000000           0.581851            
16.000000           0.563211            
17.000000           0.548221            
18.000000           0.535022            
19.000000           0.526614            
20.000000           0.515683            
21.000000           0.508400            
22.000000           0.500071            
23.000000           0.493309            
24.000000           0.490330            
25.000000           0.484674            
26.000000           0.477096            
27.000000           0.475879            
28.000000           0.474645            
29.000000           0.470594            
30.000000           0.467491            
31.000000           0.465870            
32.000000           0.460997            
33.000000           0.458904            
34.000000           0.459599            
35.000000           0.457469            
36.000000           0.457011            
37.000000           0.456142            
38.000000           0.454262            
39.000000           0.457508            
40.000000           0.456613            
41.000000           0.448661            
42.000000           0.449611            
43.000000           0.453114            
44.000000           0.451211            
45.000000           0.451268            
46.000000           0.450406            
47.000000           0.450827            
48.000000           0.451945            
49.000000           0.448333            
50.000000           0.447865            
51.000000           0.446206            
52.000000           0.447895            
53.000000           0.450869            
54.000000           0.450626            
55.000000           0.447964            
56.000000           0.443809            
57.000000           0.446883            
58.000000           0.446529            
59.000000           0.445887            
60.000000           0.445717            
61.000000           0.447424            
62.000000           0.445784            
63.000000           0.444076            
64.000000           0.444921            
65.000000           0.443661            
66.000000           0.444398            
67.000000           0.444816            
68.000000           0.445253            
69.000000           0.446116            
70.000000           0.442625            
71.000000           0.441967            
72.000000           0.445117            
73.000000           0.444066            
74.000000           0.442811            
75.000000           0.444596            
76.000000           0.443661            
77.000000           0.441910            
78.000000           0.441840            
79.000000           0.442755            
80.000000           0.443597            
81.000000           0.447065            
82.000000           0.438454            
83.000000           0.440409            
84.000000           0.443146            
85.000000           0.442954            
86.000000           0.441258            
87.000000           0.441481            
88.000000           0.440439            
89.000000           0.441802            
90.000000           0.441089            
91.000000           0.440429            
92.000000           0.441161            
93.000000           0.443905            
94.000000           0.440299            
95.000000           0.438780            
96.000000           0.439371            
97.000000           0.442589            
98.000000           0.441710            
99.000000           0.439885            
100.000000          0.439256            
101.000000          0.440857            
102.000000          0.441010            
103.000000          0.440206            
104.000000          0.441354            
105.000000          0.440058            
106.000000          0.440789            
107.000000          0.439612            
108.000000          0.439222            
109.000000          0.440585            
110.000000          0.441489            
111.000000          0.439672            
112.000000          0.439076            
113.000000          0.439720            
114.000000          0.438142            
115.000000          0.441208            
116.000000          0.439683            
117.000000          0.438866            
118.000000          0.438951            
119.000000          0.441228            
120.000000          0.440229            
121.000000          0.438280            
122.000000          0.437582            
123.000000          0.439238            
124.000000          0.440853            
125.000000          0.441379            
126.000000          0.436000            
127.000000          0.438779            
128.000000          0.439132            
129.000000          0.439445            
130.000000          0.438738            
131.000000          0.437196            
132.000000          0.437550            
133.000000          0.439316            
134.000000          0.438214            
135.000000          0.437392            
136.000000          0.438081            
137.000000          0.441009            
138.000000          0.437979            
139.000000          0.436582            
140.000000          0.439457            
141.000000          0.438810            
142.000000          0.437925            
143.000000          0.436892            
144.000000          0.438804            
145.000000          0.439754            
146.000000          0.438987            
147.000000          0.440324            
148.000000          0.436720            
149.000000          0.437447            
150.000000          0.441126            
151.000000          0.437996            
152.000000          0.434767            
153.000000          0.436714            
154.000000          0.439666            
155.000000          0.442097            
156.000000          0.435439            
157.000000          0.436794            
158.000000          0.437045            
159.000000          0.440030            
160.000000          0.437465            
161.000000          0.435292            
162.000000          0.436458            
163.000000          0.438476            
164.000000          0.439731            
165.000000          0.437986            
166.000000          0.436115            
167.000000          0.437408            
168.000000          0.440232            
169.000000          0.441424            
170.000000          0.436011            
171.000000          0.436513            
172.000000          0.437969            
173.000000          0.440743            
174.000000          0.439411            
175.000000          0.437465            
176.000000          0.436472            
177.000000          0.438879            
178.000000          0.439278            
179.000000          0.436826            
180.000000          0.436967            
181.000000          0.436969            
182.000000          0.439414            
183.000000          0.436487            
184.000000          0.436467            
185.000000          0.439590            
186.000000          0.438872            
187.000000          0.439125            
188.000000          0.435814            
189.000000          0.437483            
190.000000          0.438433            
191.000000          0.439377            
192.000000          0.435964            
193.000000          0.435750            
194.000000          0.438297            
195.000000          0.440754            
196.000000          0.436167            
197.000000          0.434974            
198.000000          0.436983            
199.000000          0.439881            
200.000000          0.438484            
201.000000          0.435785            
202.000000          0.436405            
203.000000          0.438375            
204.000000          0.438884            
205.000000          0.439208            
206.000000          0.434611            
207.000000          0.437657            
208.000000          0.438958            
209.000000          0.442998            
210.000000          0.434803            
211.000000          0.435969            
212.000000          0.437724            
213.000000          0.440387            
214.000000          0.440477            
215.000000          0.434717            
216.000000          0.435774            
217.000000          0.438385            
218.000000          0.440021            
219.000000          0.437285            
220.000000          0.436118            
221.000000          0.437688            
222.000000          0.439507            
223.000000          0.440977            
224.000000          0.439108            
225.000000          0.435455            
226.000000          0.436496            
227.000000          0.439712            
228.000000          0.439383            
229.000000          0.438364            
230.000000          0.436449            
231.000000          0.438081            
232.000000          0.438140            
233.000000          0.437308            
234.000000          0.436938            
235.000000          0.436634            
236.000000          0.440266            
237.000000          0.436364            
238.000000          0.436894            
239.000000          0.438110            
240.000000          0.438609            
241.000000          0.437144            
242.000000          0.437058            
243.000000          0.437676            
244.000000          0.437698            
245.000000          0.439902            
246.000000          0.439481            
247.000000          0.435327            
248.000000          0.438440            
249.000000          0.436865            
250.000000          0.439815            
251.000000          0.435907            
252.000000          0.438110            
253.000000          0.436953            
254.000000          0.438904            
255.000000          0.439658            
256.000000          0.439082            
257.000000          0.437379            
258.000000          0.436231            
259.000000          0.439379            
260.000000          0.438716            
261.000000          0.441120            
262.000000          0.436523            
263.000000          0.436825            
264.000000          0.437139            
265.000000          0.438589            
266.000000          0.438058            
267.000000          0.436114            
268.000000          0.438105            
269.000000          0.437903            
270.000000          0.439375            
271.000000          0.437942            
272.000000          0.436899            
273.000000          0.437743            
274.000000          0.438349            
275.000000          0.437897            
276.000000          0.438491            
277.000000          0.436536            
278.000000          0.438275            
279.000000          0.437803            
280.000000          0.436793            
281.000000          0.436700            
282.000000          0.438983            
283.000000          0.437207            
284.000000          0.437855            
285.000000          0.437728            
286.000000          0.435863            
287.000000          0.440174            
288.000000          0.436840            
289.000000          0.436223            
290.000000          0.436817            
291.000000          0.437871            
292.000000          0.438231            
293.000000          0.436965            
294.000000          0.438493            
295.000000          0.437174            
296.000000          0.440553            
297.000000          0.436304            
298.000000          0.437093            
299.000000          0.438577            
300.000000          0.438533            
301.000000          0.438170            
302.000000          0.436298            
303.000000          0.440032            
304.000000          0.437873            
305.000000          0.439346            
306.000000          0.436524            
307.000000          0.438383            
308.000000          0.438896            
309.000000          0.439995            
310.000000          0.437872            
311.000000          0.435923            
312.000000          0.438659            
313.000000          0.437461            
314.000000          0.440269            
315.000000          0.437646            
316.000000          0.436801            
317.000000          0.437903            
318.000000          0.438895            
319.000000          0.437810            
320.000000          0.436205            
321.000000          0.438423            
322.000000          0.438240            
323.000000          0.439870            
324.000000          0.436062            
325.000000          0.436871            
326.000000          0.438179            
327.000000          0.439311            
328.000000          0.437917            
329.000000          0.436415            
330.000000          0.438330            
331.000000          0.438240            
332.000000          0.439870            
333.000000          0.436062            
334.000000          0.436871            
335.000000          0.438179            
336.000000          0.439311            
337.000000          0.437917            
338.000000          0.436415            
339.000000          0.438330            
340.000000          0.438240            
341.000000          0.439870            
342.000000          0.436062            
343.000000          0.436871            
344.000000          0.438179            
345.000000          0.439311            
346.000000          0.437917            
347.000000          0.436415            
348.000000          0.438330            
349.000000          0.438240            
350.000000          0.439870            
351.000000          0.436062            
352.000000          0.436871            
353.000000          0.438179            
354.000000          0.439311            
355.000000          0.437917            
356.000000          0.436415            
357.000000          0.438330            
358.000000          0.438240            
359.000000          0.439870            
360.000000          0.436062            
361.000000          0.436871            
362.000000          0.438179            
363.000000          0.439311            
364.000000          0.437917            
365.000000          0.436415            
366.000000          0.438330            
367.000000          0.438240            
368.000000          0.439870            
369.000000          0.436062            
370.000000          0.436871            
371.000000          0.438179            
372.000000          0.439311            
373.000000          0.437917            
374.000000          0.436415            
375.000000          0.438330            
376.000000          0.438240            
377.000000          0.439870            
378.000000          0.436062            
379.000000          0.436871            
380.000000          0.438179            
381.000000          0.439311            
382.000000          0.437917            
383.000000          0.436415            
384.000000          0.438330            
385.000000          0.438240            
386.000000          0.439870            
387.000000          0.436062            
388.000000          0.436871            
389.000000          0.438179            
390.000000          0.439311            
391.000000          0.437917            
392.000000          0.436415            
393.000000          0.438330            
394.000000          0.438240            
395.000000          0.439870            
396.000000          0.436062            
397.000000          0.436871            
398.000000          0.438179            
399.000000          0.439311            
400.000000          0.437917            
#Execution time: 146s 146370ms 146370041us 
