0.000000            1.633394            
1.000000            1.627072            
2.000000            1.628377            
3.000000            1.613572            
4.000000            1.612146            
5.000000            1.603750            
6.000000            1.598311            
7.000000            1.594292            
8.000000            1.587544            
9.000000            1.586642            
10.000000           1.573615            
11.000000           1.572095            
12.000000           1.567089            
13.000000           1.561137            
14.000000           1.558877            
15.000000           1.553196            
16.000000           1.548432            
17.000000           1.548487            
18.000000           1.540356            
19.000000           1.536840            
20.000000           1.534319            
21.000000           1.529998            
22.000000           1.524029            
23.000000           1.522324            
24.000000           1.518101            
25.000000           1.514344            
26.000000           1.513271            
27.000000           1.507973            
28.000000           1.504126            
29.000000           1.503969            
30.000000           1.498615            
31.000000           1.494778            
32.000000           1.494686            
33.000000           1.489558            
34.000000           1.485747            
35.000000           1.485755            
36.000000           1.480909            
37.000000           1.477143            
38.000000           1.477285            
39.000000           1.472724            
40.000000           1.469022            
41.000000           1.469341            
42.000000           1.464615            
43.000000           1.461008            
44.000000           1.461567            
45.000000           1.456687            
46.000000           1.453211            
47.000000           1.454083            
48.000000           1.449172            
49.000000           1.445866            
50.000000           1.447102            
51.000000           1.441908            
52.000000           1.438830            
53.000000           1.439918            
54.000000           1.434287            
55.000000           1.431509            
56.000000           1.432575            
57.000000           1.426717            
58.000000           1.424338            
59.000000           1.425467            
60.000000           1.419381            
61.000000           1.408226            
62.000000           1.408527            
63.000000           1.404808            
64.000000           1.401419            
65.000000           1.401748            
66.000000           1.399543            
67.000000           1.395308            
68.000000           1.396926            
69.000000           1.392905            
70.000000           1.390389            
71.000000           1.390654            
72.000000           1.388535            
73.000000           1.384419            
74.000000           1.377691            
75.000000           1.375927            
76.000000           1.371979            
77.000000           1.372782            
78.000000           1.371053            
79.000000           1.367074            
80.000000           1.367178            
81.000000           1.366592            
82.000000           1.364227            
83.000000           1.365500            
84.000000           1.362314            
85.000000           1.352574            
86.000000           1.352098            
87.000000           1.350846            
88.000000           1.348622            
89.000000           1.347748            
90.000000           1.347438            
91.000000           1.344663            
92.000000           1.344377            
93.000000           1.344105            
94.000000           1.335124            
95.000000           1.332610            
96.000000           1.337951            
97.000000           1.333781            
98.000000           1.328419            
99.000000           1.333199            
100.000000          1.331749            
101.000000          1.326676            
102.000000          1.324087            
103.000000          1.320650            
104.000000          1.316229            
105.000000          1.321362            
106.000000          1.320112            
107.000000          1.320528            
108.000000          1.317458            
109.000000          1.310322            
110.000000          1.314857            
111.000000          1.311580            
112.000000          1.313019            
113.000000          1.308788            
114.000000          1.313039            
115.000000          1.309537            
116.000000          1.302970            
117.000000          1.304627            
118.000000          1.302418            
119.000000          1.301083            
120.000000          1.304946            
121.000000          1.309058            
122.000000          1.308846            
123.000000          1.302284            
124.000000          1.299636            
125.000000          1.303265            
126.000000          1.300400            
127.000000          1.303925            
128.000000          1.302820            
129.000000          1.304043            
130.000000          1.296990            
131.000000          1.295123            
132.000000          1.295258            
133.000000          1.298088            
134.000000          1.296976            
135.000000          1.299547            
136.000000          1.294028            
137.000000          1.295173            
138.000000          1.288907            
139.000000          1.291795            
140.000000          1.296376            
141.000000          1.296876            
142.000000          1.295817            
143.000000          1.289092            
144.000000          1.288954            
145.000000          1.291416            
146.000000          1.293045            
147.000000          1.298674            
148.000000          1.288810            
149.000000          1.289933            
150.000000          1.288323            
151.000000          1.289696            
152.000000          1.288842            
153.000000          1.293756            
154.000000          1.287486            
155.000000          1.290595            
156.000000          1.289154            
157.000000          1.285788            
158.000000          1.288838            
159.000000          1.289404            
160.000000          1.286285            
161.000000          1.281442            
162.000000          1.288566            
163.000000          1.286513            
164.000000          1.291449            
165.000000          1.285642            
166.000000          1.280905            
167.000000          1.285339            
168.000000          1.290881            
169.000000          1.287699            
170.000000          1.291249            
171.000000          1.288367            
172.000000          1.285153            
173.000000          1.285869            
174.000000          1.289919            
175.000000          1.288860            
176.000000          1.285821            
177.000000          1.288120            
178.000000          1.281273            
179.000000          1.288290            
180.000000          1.280263            
181.000000          1.284369            
182.000000          1.286554            
183.000000          1.292578            
184.000000          1.281942            
185.000000          1.283825            
186.000000          1.280460            
187.000000          1.287916            
188.000000          1.286546            
189.000000          1.291088            
190.000000          1.279803            
191.000000          1.280266            
192.000000          1.284941            
193.000000          1.291252            
194.000000          1.288059            
195.000000          1.290621            
196.000000          1.281807            
197.000000          1.284514            
198.000000          1.285542            
199.000000          1.291284            
200.000000          1.289080            
201.000000          1.289828            
202.000000          1.282413            
203.000000          1.281122            
204.000000          1.285711            
205.000000          1.281816            
206.000000          1.284729            
207.000000          1.285926            
208.000000          1.286018            
209.000000          1.281302            
210.000000          1.284168            
211.000000          1.281112            
212.000000          1.288276            
213.000000          1.286549            
214.000000          1.286051            
215.000000          1.282324            
216.000000          1.283375            
217.000000          1.281720            
218.000000          1.284051            
219.000000          1.285605            
220.000000          1.282186            
221.000000          1.279932            
222.000000          1.278648            
223.000000          1.280589            
224.000000          1.282806            
225.000000          1.288453            
226.000000          1.280206            
227.000000          1.275724            
228.000000          1.278915            
229.000000          1.284734            
230.000000          1.283349            
231.000000          1.288533            
232.000000          1.280236            
233.000000          1.275225            
234.000000          1.279489            
235.000000          1.285419            
236.000000          1.283349            
237.000000          1.288533            
238.000000          1.280236            
239.000000          1.275225            
240.000000          1.279489            
241.000000          1.285419            
242.000000          1.283349            
243.000000          1.288533            
244.000000          1.280236            
245.000000          1.275225            
246.000000          1.279489            
247.000000          1.285419            
248.000000          1.283349            
249.000000          1.288533            
250.000000          1.280236            
251.000000          1.275225            
252.000000          1.279489            
253.000000          1.285419            
254.000000          1.283349            
255.000000          1.288533            
256.000000          1.280236            
257.000000          1.275225            
258.000000          1.279489            
259.000000          1.285419            
260.000000          1.283349            
261.000000          1.288533            
262.000000          1.280236            
263.000000          1.275225            
264.000000          1.279489            
265.000000          1.285419            
266.000000          1.283349            
267.000000          1.288533            
268.000000          1.280236            
269.000000          1.275225            
270.000000          1.279489            
271.000000          1.285419            
272.000000          1.283349            
273.000000          1.288533            
274.000000          1.280236            
275.000000          1.275225            
276.000000          1.279489            
277.000000          1.285419            
278.000000          1.283349            
279.000000          1.288533            
280.000000          1.280236            
281.000000          1.275225            
282.000000          1.279489            
283.000000          1.285419            
284.000000          1.283349            
285.000000          1.288533            
286.000000          1.280236            
287.000000          1.275225            
288.000000          1.279489            
289.000000          1.285419            
290.000000          1.283349            
291.000000          1.288533            
292.000000          1.280236            
293.000000          1.275225            
294.000000          1.279489            
295.000000          1.285419            
296.000000          1.283349            
297.000000          1.288533            
298.000000          1.280236            
299.000000          1.275225            
300.000000          1.279489            
301.000000          1.285419            
302.000000          1.283349            
303.000000          1.288533            
304.000000          1.280236            
305.000000          1.275225            
306.000000          1.279489            
307.000000          1.285419            
308.000000          1.283349            
309.000000          1.288533            
310.000000          1.280236            
311.000000          1.275225            
312.000000          1.279489            
313.000000          1.285419            
314.000000          1.283349            
315.000000          1.288533            
316.000000          1.280236            
317.000000          1.275225            
318.000000          1.279489            
319.000000          1.285419            
320.000000          1.283349            
321.000000          1.288533            
322.000000          1.280236            
323.000000          1.275225            
324.000000          1.279489            
325.000000          1.285419            
326.000000          1.283349            
327.000000          1.288533            
328.000000          1.280236            
329.000000          1.275225            
330.000000          1.279489            
331.000000          1.285419            
332.000000          1.283349            
333.000000          1.288533            
334.000000          1.280236            
335.000000          1.275225            
336.000000          1.279489            
337.000000          1.285419            
338.000000          1.283349            
339.000000          1.288533            
340.000000          1.280236            
341.000000          1.275225            
342.000000          1.279489            
343.000000          1.285419            
344.000000          1.283349            
345.000000          1.288533            
346.000000          1.280236            
347.000000          1.275225            
348.000000          1.279489            
349.000000          1.285419            
350.000000          1.283349            
351.000000          1.288533            
352.000000          1.280236            
353.000000          1.275225            
354.000000          1.279489            
355.000000          1.285419            
356.000000          1.283349            
357.000000          1.288533            
358.000000          1.280236            
359.000000          1.275225            
360.000000          1.279489            
361.000000          1.285419            
362.000000          1.283349            
363.000000          1.288533            
364.000000          1.280236            
365.000000          1.275225            
366.000000          1.279489            
367.000000          1.285419            
368.000000          1.283349            
369.000000          1.288533            
370.000000          1.280236            
371.000000          1.275225            
372.000000          1.279489            
373.000000          1.285419            
374.000000          1.283349            
375.000000          1.288533            
376.000000          1.280236            
377.000000          1.275225            
378.000000          1.279489            
379.000000          1.285419            
380.000000          1.283349            
381.000000          1.288533            
382.000000          1.280236            
383.000000          1.275225            
384.000000          1.279489            
385.000000          1.285419            
386.000000          1.283349            
387.000000          1.288533            
388.000000          1.280236            
389.000000          1.275225            
390.000000          1.279489            
391.000000          1.285419            
392.000000          1.283349            
393.000000          1.288533            
394.000000          1.280236            
395.000000          1.275225            
396.000000          1.279489            
397.000000          1.285419            
398.000000          1.283349            
399.000000          1.288533            
400.000000          1.280236            
#Execution time: 27s 27937ms 27937919us 
