#Image: ellipse
#
#Iteration           	Opt. Energy         	Elastica MDCA       	Perimeter           	Unlabeled           	Area                	Perimeter^2/Area    	Elastica II         	
0                   	-1.000000           	0.690963            	96.669158           	327042688.000000    	627.375000          	14.895280           	0.683547            		
1                   	-61.894048          	4.124811            	96.478454           	0.000000            	625.375000          	14.884017           	0.683302            		
2                   	-72.958096          	0.732399            	95.884443           	0.000000            	622.625000          	14.766234           	0.669919            		
3                   	-66.319321          	5.079385            	95.572494           	0.000000            	619.250000          	14.750265           	0.669864            		
4                   	-70.703307          	3.569374            	95.215177           	0.000000            	617.187500          	14.689102           	0.662264            		
5                   	-70.951147          	6.112620            	94.927697           	0.000000            	614.187500          	14.671851           	0.670999            		
6                   	-69.571544          	0.816001            	94.472503           	0.000000            	612.125000          	14.580443           	0.656407            		
7                   	-71.907095          	4.790815            	94.372759           	0.000000            	609.750000          	14.606343           	0.663297            		
8                   	-74.196317          	0.744894            	93.850197           	0.000000            	607.375000          	14.501518           	0.651179            		
9                   	-67.702655          	4.134289            	93.677237           	0.000000            	604.437500          	14.518333           	0.657589            		
10                  	-66.932357          	6.216055            	93.410866           	0.000000            	603.062500          	14.468799           	0.647357            		
11                  	-72.621281          	0.768497            	93.050820           	0.000000            	600.625000          	14.415742           	0.641600            		
12                  	-68.013030          	5.795030            	92.561302           	0.000000            	596.625000          	14.360100           	0.644741            		
13                  	-59.391439          	4.398550            	92.268491           	0.000000            	593.562500          	14.343013           	0.646739            		
14                  	-71.094082          	1.709489            	92.074531           	0.000000            	592.062500          	14.318960           	0.647451            		
15                  	-69.500386          	1.622329            	91.959590           	0.000000            	591.062500          	14.307398           	0.643023            		
16                  	-69.709071          	2.687934            	91.655982           	0.000000            	589.000000          	14.262851           	0.637008            		
17                  	-67.322779          	3.045882            	91.688698           	0.000000            	587.625000          	14.306432           	0.644959            		
18                  	-72.211228          	3.254305            	91.204015           	0.000000            	585.125000          	14.216060           	0.637638            		
19                  	-64.398438          	6.165453            	91.045781           	0.000000            	582.687500          	14.226037           	0.636231            		
20                  	-65.358312          	3.036063            	90.629785           	0.000000            	580.250000          	14.155550           	0.639623            		
21                  	-67.027037          	4.219142            	90.417027           	0.000000            	577.625000          	14.153194           	0.635917            		
22                  	-61.556840          	2.047321            	90.148469           	0.000000            	574.937500          	14.135009           	0.636445            		
23                  	-60.091008          	4.780201            	90.049320           	0.000000            	573.000000          	14.151623           	0.639318            		
24                  	-67.918506          	3.854224            	89.712120           	0.000000            	571.437500          	14.084243           	0.640718            		
25                  	-68.318261          	1.599282            	89.434116           	0.000000            	569.500000          	14.044708           	0.632766            		
26                  	-67.545844          	1.499257            	89.146657           	0.000000            	566.750000          	14.022279           	0.625933            		
27                  	-63.823080          	1.650927            	88.860543           	0.000000            	564.250000          	13.994145           	0.633725            		
28                  	-66.737403          	3.290672            	88.890650           	0.000000            	562.812500          	14.039396           	0.637157            		
29                  	-63.029831          	3.749155            	88.491283           	0.000000            	560.625000          	13.967817           	0.637949            		
30                  	-59.004783          	9.199213            	88.265161           	0.000000            	557.312500          	13.979121           	0.640289            		
31                  	-56.065568          	3.053468            	87.788303           	0.000000            	554.562500          	13.897056           	0.630078            		
32                  	-65.538791          	1.816195            	87.661193           	0.000000            	553.625000          	13.880307           	0.631569            		
33                  	-64.290290          	1.278322            	87.420469           	0.000000            	551.437500          	13.858939           	0.630902            		
34                  	-63.480913          	2.492156            	87.209183           	0.000000            	549.250000          	13.846958           	0.626226            		
35                  	-65.278109          	5.636686            	87.006635           	0.000000            	547.000000          	13.839405           	0.635788            		
36                  	-62.143743          	1.175323            	86.624630           	0.000000            	545.062500          	13.766910           	0.620010            		
37                  	-58.982985          	1.569032            	86.377359           	0.000000            	542.437500          	13.754669           	0.621556            		
38                  	-64.971173          	1.474034            	86.115648           	0.000000            	539.812500          	13.737927           	0.622341            		
39                  	-61.109431          	1.965407            	85.904717           	0.000000            	537.625000          	13.726334           	0.629676            		
40                  	-66.243036          	1.034259            	85.760993           	0.000000            	536.000000          	13.721918           	0.620811            		
41                  	-60.740252          	3.348479            	85.613158           	0.000000            	534.562500          	13.711423           	0.627039            		
42                  	-67.266667          	0.890865            	85.242605           	0.000000            	532.750000          	13.639234           	0.619344            		
43                  	-57.035396          	5.245018            	85.098515           	0.000000            	530.187500          	13.658861           	0.626463            		
44                  	-60.136239          	4.332376            	84.903218           	0.000000            	527.812500          	13.657419           	0.631325            		
45                  	-64.090510          	1.306747            	84.533935           	0.000000            	525.937500          	13.587140           	0.619750            		
46                  	-62.370689          	4.162089            	84.428640           	0.000000            	523.812500          	13.608295           	0.623912            		
47                  	-59.017727          	3.973501            	84.333010           	0.000000            	522.437500          	13.613220           	0.634462            		
48                  	-63.962998          	1.129582            	84.005115           	0.000000            	520.812500          	13.549712           	0.625145            		
49                  	-59.094877          	3.114952            	83.762669           	0.000000            	518.375000          	13.534960           	0.625320            		
50                  	-60.111224          	7.942879            	83.783104           	0.000000            	516.000000          	13.603893           	0.632608            		
51                  	-56.966372          	5.904175            	83.479427           	0.000000            	514.437500          	13.546475           	0.636281            		
52                  	-62.288474          	2.958160            	83.131391           	0.000000            	512.437500          	13.486188           	0.621531            		
53                  	-53.877001          	5.646894            	83.040482           	0.000000            	510.312500          	13.512743           	0.626548            		
54                  	-54.759474          	1.531495            	82.761562           	0.000000            	508.750000          	13.463344           	0.624132            		
55                  	-54.897389          	4.073992            	82.759325           	0.000000            	507.500000          	13.495775           	0.628324            		
56                  	-66.227423          	0.897607            	82.341920           	0.000000            	505.937500          	13.401244           	0.616402            		
57                  	-53.564571          	3.472469            	82.160587           	0.000000            	502.812500          	13.425207           	0.621363            		
58                  	-58.314181          	4.914688            	81.914166           	0.000000            	500.812500          	13.398089           	0.621898            		
59                  	-52.897174          	1.107772            	81.642664           	0.000000            	499.000000          	13.357765           	0.620123            		
60                  	-59.331565          	4.898263            	81.593712           	0.000000            	496.312500          	13.413996           	0.623232            		
61                  	-49.440274          	6.106330            	81.279011           	0.000000            	493.687500          	13.381497           	0.630497            		
62                  	-53.255110          	2.039303            	81.179728           	0.000000            	492.500000          	13.381012           	0.627348            		
63                  	-57.359092          	1.957470            	80.965030           	0.000000            	491.000000          	13.350990           	0.622118            		
64                  	-57.000626          	1.263981            	80.739816           	0.000000            	488.937500          	13.332825           	0.619757            		
65                  	-55.403858          	3.774160            	80.445555           	0.000000            	486.000000          	13.315817           	0.625958            		
66                  	-48.722972          	3.608467            	80.158776           	0.000000            	483.812500          	13.280826           	0.623822            		
67                  	-58.000085          	0.748815            	80.043927           	0.000000            	482.250000          	13.285703           	0.618543            		
68                  	-53.212925          	2.355292            	79.762503           	0.000000            	479.562500          	13.266377           	0.621479            		
69                  	-55.554829          	1.784031            	79.558823           	0.000000            	477.437500          	13.257455           	0.628495            		
70                  	-58.210457          	2.892915            	79.271941           	0.000000            	475.000000          	13.229559           	0.622471            		
71                  	-50.224574          	2.550728            	79.015444           	0.000000            	472.937500          	13.201407           	0.621888            		
72                  	-48.975793          	2.872564            	78.821093           	0.000000            	470.937500          	13.192334           	0.621956            		
73                  	-56.884925          	1.129346            	78.657802           	0.000000            	469.625000          	13.174447           	0.623225            		
74                  	-57.738086          	0.991712            	78.375602           	0.000000            	467.687500          	13.134272           	0.618369            		
75                  	-56.519827          	5.299915            	78.460389           	0.000000            	466.187500          	13.205057           	0.630319            		
76                  	-52.579198          	2.602623            	78.105287           	0.000000            	464.875000          	13.122744           	0.622973            		
77                  	-51.939762          	1.258132            	78.119742           	0.000000            	462.687500          	13.189667           	0.623097            		
78                  	-49.359784          	1.136647            	77.749274           	0.000000            	460.750000          	13.119804           	0.627249            		
79                  	-57.406178          	6.548573            	77.695447           	0.000000            	459.687500          	13.131927           	0.632372            		
80                  	-52.499691          	0.978985            	77.344129           	0.000000            	457.437500          	13.077446           	0.626377            		
81                  	-54.282259          	1.706004            	77.275685           	0.000000            	455.687500          	13.104444           	0.625103            		
82                  	-53.546129          	1.131997            	77.087869           	0.000000            	454.062500          	13.087492           	0.623917            		
83                  	-51.477955          	2.509828            	76.874400           	0.000000            	452.312500          	13.065466           	0.625777            		
84                  	-46.403868          	3.799965            	76.560595           	0.000000            	449.187500          	13.049171           	0.627885            		
85                  	-44.718092          	3.682412            	76.400643           	0.000000            	446.500000          	13.072919           	0.628079            		
86                  	-48.166498          	5.954107            	76.226678           	0.000000            	444.625000          	13.068330           	0.632865            		
87                  	-54.047608          	0.856586            	75.870846           	0.000000            	442.875000          	12.997765           	0.621783            		
88                  	-47.103711          	3.376325            	75.777298           	0.000000            	440.500000          	13.035639           	0.628694            		
89                  	-50.099799          	3.785536            	75.662983           	0.000000            	438.375000          	13.059337           	0.629401            		
90                  	-52.454654          	5.297347            	75.394376           	0.000000            	436.937500          	13.009439           	0.635099            		
91                  	-53.472770          	2.814125            	75.224456           	0.000000            	435.375000          	12.997344           	0.627847            		
92                  	-50.304845          	1.324724            	75.001551           	0.000000            	433.437500          	12.978186           	0.629967            		
93                  	-53.056944          	3.089115            	74.955416           	0.000000            	431.750000          	13.012888           	0.631206            		
94                  	-51.304845          	2.222410            	74.773214           	0.000000            	430.750000          	12.979764           	0.632665            		
95                  	-49.073625          	3.410974            	74.614084           	0.000000            	428.500000          	12.992442           	0.628557            		
96                  	-45.508320          	3.466805            	74.357608           	0.000000            	426.500000          	12.963784           	0.633652            		
97                  	-51.185238          	2.557390            	74.101353           	0.000000            	424.437500          	12.937147           	0.630867            		
98                  	-45.438396          	5.058586            	73.958326           	0.000000            	422.187500          	12.955935           	0.637978            		
99                  	-46.012728          	0.960315            	73.640442           	0.000000            	419.875000          	12.915546           	0.626739            		
100                 	-44.495309          	2.833290            	73.414500           	0.000000            	417.625000          	12.905570           	0.629764            		
101                 	-44.374660          	1.649047            	73.244992           	0.000000            	415.562500          	12.909800           	0.636001            		
102                 	-50.796279          	1.906008            	73.125302           	0.000000            	414.125000          	12.912309           	0.638401            		
103                 	-44.702247          	3.317339            	72.736463           	0.000000            	411.437500          	12.858801           	0.629384            		
104                 	-39.696783          	5.050808            	72.550124           	0.000000            	408.500000          	12.884995           	0.634807            		
105                 	-42.197117          	3.433592            	72.365404           	0.000000            	406.625000          	12.878578           	0.632681            		
106                 	-43.636371          	3.299228            	72.177730           	0.000000            	405.500000          	12.847410           	0.638412            		
107                 	-44.197857          	3.725719            	71.964194           	0.000000            	403.437500          	12.836797           	0.636557            		
108                 	-46.896167          	3.836051            	71.720757           	0.000000            	400.375000          	12.847623           	0.639000            		
109                 	-42.722747          	6.083809            	71.492159           	0.000000            	398.500000          	12.825919           	0.640732            		
110                 	-42.129787          	4.492225            	71.457776           	0.000000            	397.125000          	12.857951           	0.638323            		
111                 	-46.881500          	3.118576            	71.137460           	0.000000            	395.000000          	12.811489           	0.635823            		
112                 	-39.555334          	2.058636            	70.963173           	0.000000            	392.562500          	12.827949           	0.637780            		
113                 	-46.993920          	2.463295            	70.656099           	0.000000            	390.625000          	12.780248           	0.648996            		
114                 	-42.209577          	3.519929            	70.518978           	0.000000            	388.062500          	12.814756           	0.644399            		
115                 	-41.062678          	3.947388            	70.318451           	0.000000            	386.250000          	12.801772           	0.644664            		
116                 	-42.524553          	3.368703            	70.157218           	0.000000            	384.562500          	12.799052           	0.642277            		
117                 	-40.934006          	1.796330            	69.994096           	0.000000            	382.875000          	12.795752           	0.645001            		
118                 	-42.887685          	1.389186            	69.665063           	0.000000            	380.562500          	12.752757           	0.643708            		
119                 	-40.559136          	2.334361            	69.524954           	0.000000            	378.500000          	12.770725           	0.648286            		
120                 	-44.232152          	1.640938            	69.360151           	0.000000            	376.687500          	12.771410           	0.642139            		
121                 	-37.945284          	1.526670            	69.054922           	0.000000            	375.000000          	12.716219           	0.641244            		
122                 	-42.186914          	4.817372            	68.968835           	0.000000            	373.000000          	12.752547           	0.654280            		
123                 	-42.413212          	1.244506            	68.804270           	0.000000            	371.687500          	12.736580           	0.649625            		
124                 	-43.748827          	1.124206            	68.643545           	0.000000            	369.812500          	12.741420           	0.649004            		
125                 	-40.485176          	2.711446            	68.433758           	0.000000            	368.062500          	12.723869           	0.650379            		
126                 	-40.400398          	1.440017            	68.143522           	0.000000            	366.312500          	12.676443           	0.646378            		
127                 	-42.566441          	0.938164            	67.965732           	0.000000            	364.312500          	12.679611           	0.646711            		
128                 	-39.053069          	1.453191            	67.721623           	0.000000            	361.562500          	12.684441           	0.648113            		
129                 	-41.257905          	1.532558            	67.513449           	0.000000            	359.750000          	12.670093           	0.649612            		
130                 	-43.218096          	1.782169            	67.294198           	0.000000            	358.125000          	12.645052           	0.648745            		
131                 	-40.889865          	2.137680            	67.136848           	0.000000            	355.562500          	12.676692           	0.656216            		
132                 	-39.099614          	2.041460            	66.976122           	0.000000            	353.750000          	12.680709           	0.657414            		
133                 	-38.762711          	1.794128            	66.810701           	0.000000            	351.937500          	12.683132           	0.657916            		
134                 	-40.236039          	6.787378            	66.777117           	0.000000            	350.312500          	12.729159           	0.671948            		
135                 	-38.900473          	1.289398            	66.408266           	0.000000            	348.625000          	12.649861           	0.661337            		
136                 	-37.694136          	3.715770            	66.295545           	0.000000            	346.312500          	12.691137           	0.662596            		
137                 	-34.849718          	4.823927            	66.055999           	0.000000            	344.062500          	12.681984           	0.666479            		
138                 	-38.080280          	1.370414            	65.741999           	0.000000            	342.187500          	12.630533           	0.661999            		
139                 	-39.634950          	4.235422            	65.556393           	0.000000            	340.187500          	12.633153           	0.664551            		
140                 	-34.368946          	1.138871            	65.336219           	0.000000            	338.562500          	12.608666           	0.660037            		
141                 	-33.108624          	1.426157            	65.054051           	0.000000            	335.875000          	12.600014           	0.664982            		
142                 	-36.633810          	1.622060            	64.909609           	0.000000            	333.937500          	12.616904           	0.667879            		
143                 	-35.697496          	3.996175            	64.637566           	0.000000            	331.437500          	12.605740           	0.670960            		
144                 	-30.976794          	1.975871            	64.375029           	0.000000            	329.125000          	12.591399           	0.668656            		
145                 	-34.121434          	1.716687            	64.202794           	0.000000            	327.500000          	12.586256           	0.674026            		
146                 	-33.954286          	1.361921            	64.052081           	0.000000            	326.125000          	12.580051           	0.678759            		
147                 	-40.321512          	1.586189            	63.861713           	0.000000            	324.500000          	12.568007           	0.675525            		
148                 	-40.433465          	2.108072            	63.705646           	0.000000            	322.437500          	12.586654           	0.680519            		
149                 	-38.090446          	1.194886            	63.440511           	0.000000            	320.312500          	12.564912           	0.682885            		
150                 	-39.785586          	3.010748            	63.357880           	0.000000            	318.937500          	12.586231           	0.691951            		
151                 	-39.352727          	1.382398            	63.136787           	0.000000            	316.812500          	12.582376           	0.690379            		
152                 	-38.324228          	4.168328            	62.953541           	0.000000            	314.312500          	12.608943           	0.691023            		
153                 	-40.754162          	5.128791            	62.748210           	0.000000            	312.375000          	12.604523           	0.695458            		
154                 	-37.453333          	2.363220            	62.495398           	0.000000            	310.125000          	12.593873           	0.696995            		
155                 	-33.049777          	1.873228            	62.331444           	0.000000            	307.562500          	12.632258           	0.698204            		
156                 	-34.836384          	1.618085            	61.976893           	0.000000            	304.625000          	12.609389           	0.701160            		
157                 	-32.252541          	6.231976            	61.714817           	0.000000            	301.750000          	12.622100           	0.706681            		
158                 	-28.548734          	3.074802            	61.472877           	0.000000            	299.437500          	12.620045           	0.705023            		
159                 	-32.747256          	2.246410            	61.158713           	0.000000            	297.312500          	12.580662           	0.714482            		
160                 	-32.160584          	4.202603            	60.952931           	0.000000            	295.250000          	12.583437           	0.718471            		
161                 	-31.251997          	3.309056            	60.592907           	0.000000            	292.000000          	12.573631           	0.718522            		
162                 	-27.867103          	2.238258            	60.459615           	0.000000            	289.750000          	12.615583           	0.725422            		
163                 	-35.760532          	4.319810            	60.220269           	0.000000            	287.375000          	12.619333           	0.727627            		
164                 	-31.831987          	4.646454            	59.938602           	0.000000            	285.125000          	12.600214           	0.723705            		
165                 	-32.687834          	1.555253            	59.570645           	0.000000            	282.625000          	12.556079           	0.721109            		
166                 	-33.121932          	4.183159            	59.223584           	0.000000            	279.062500          	12.568628           	0.729808            		
167                 	-32.771197          	3.175636            	58.900102           	0.000000            	276.437500          	12.549752           	0.723307            		
168                 	-31.536082          	4.791952            	58.737775           	0.000000            	273.875000          	12.597448           	0.736526            		
169                 	-30.562726          	2.984088            	58.418728           	0.000000            	271.625000          	12.564189           	0.736558            		
170                 	-29.088462          	0.950302            	58.009217           	0.000000            	268.562500          	12.529930           	0.736118            		
171                 	-30.188306          	7.525723            	57.762019           	0.000000            	264.750000          	12.602269           	0.751995            		
172                 	-26.255645          	1.584183            	57.450125           	0.000000            	262.625000          	12.567413           	0.747192            		
173                 	-32.895833          	2.922869            	57.260956           	0.000000            	260.687500          	12.577577           	0.754114            		
174                 	-28.797856          	1.117480            	56.828586           	0.000000            	257.312500          	12.550841           	0.753136            		
175                 	-27.391700          	1.573605            	56.516738           	0.000000            	254.437500          	12.553738           	0.763499            		
176                 	-26.288148          	2.944144            	56.272681           	0.000000            	251.500000          	12.590913           	0.772685            		
177                 	-27.105663          	5.061190            	55.925292           	0.000000            	248.812500          	12.570262           	0.769956            		
178                 	-25.285175          	0.967478            	55.555111           	0.000000            	246.437500          	12.523948           	0.766236            		
179                 	-28.694655          	1.454865            	55.367056           	0.000000            	243.437500          	12.592599           	0.777251            		
180                 	-24.837301          	9.019881            	55.086223           	0.000000            	239.937500          	12.647010           	0.799378            		
181                 	-24.649708          	3.099331            	54.584970           	0.000000            	237.187500          	12.561872           	0.785575            		
182                 	-22.372076          	3.402043            	54.206857           	0.000000            	234.312500          	12.540447           	0.794554            		
183                 	-26.440556          	1.159564            	53.878642           	0.000000            	231.125000          	12.559905           	0.796876            		
184                 	-27.774249          	7.806010            	53.726446           	0.000000            	228.500000          	12.632521           	0.817471            		
185                 	-26.174548          	0.852809            	53.185252           	0.000000            	225.625000          	12.537046           	0.803057            		
186                 	-23.635357          	3.156307            	52.803232           	0.000000            	221.812500          	12.569992           	0.820766            		
187                 	-22.763696          	4.099308            	52.493874           	0.000000            	218.812500          	12.593462           	0.827451            		
188                 	-24.295487          	4.603802            	52.208927           	0.000000            	216.000000          	12.619315           	0.837222            		
189                 	-26.974360          	2.296990            	51.713784           	0.000000            	212.937500          	12.559157           	0.831482            		
190                 	-21.836933          	3.327631            	51.330349           	0.000000            	210.125000          	12.539225           	0.831926            		
191                 	-21.796114          	1.122742            	51.008450           	0.000000            	207.000000          	12.569382           	0.835969            		
192                 	-20.949008          	1.149183            	50.397712           	0.000000            	203.062500          	12.508116           	0.844926            		
193                 	-20.017699          	2.654486            	49.872111           	0.000000            	198.562500          	12.526169           	0.861793            		
194                 	-20.343719          	5.186771            	49.372342           	0.000000            	194.250000          	12.548922           	0.872526            		
195                 	-20.314211          	6.835808            	48.940939           	0.000000            	190.250000          	12.589832           	0.883976            		
196                 	-20.166505          	1.775381            	48.448358           	0.000000            	187.062500          	12.547910           	0.887709            		
197                 	-26.199731          	1.177101            	47.911493           	0.000000            	183.875000          	12.484085           	0.888122            		
198                 	-19.621258          	6.133149            	47.320468           	0.000000            	178.937500          	12.514016           	0.906880            		
199                 	-15.490520          	1.403637            	46.866210           	0.000000            	174.500000          	12.587058           	0.915485            		
200                 	-19.556761          	9.489010            	46.367301           	0.000000            	170.250000          	12.628056           	0.954218            		
201                 	-21.264508          	2.949697            	45.713861           	0.000000            	167.500000          	12.476161           	0.935532            		
202                 	-19.372086          	2.806386            	45.228348           	0.000000            	163.375000          	12.520909           	0.952161            		
203                 	-20.285463          	0.960829            	44.605116           	0.000000            	159.562500          	12.469198           	0.953621            		
204                 	-16.008771          	3.348306            	44.026389           	0.000000            	154.500000          	12.545779           	0.981154            		
205                 	-15.055794          	1.043729            	43.282882           	0.000000            	149.687500          	12.515459           	0.989894            		
206                 	-12.434460          	5.747644            	42.650999           	0.000000            	145.375000          	12.513209           	1.020345            		
207                 	-16.460538          	3.991687            	42.075409           	0.000000            	141.125000          	12.544482           	1.030393            		
208                 	-16.271455          	3.884315            	41.423376           	0.000000            	137.000000          	12.524789           	1.047647            		
209                 	-13.320654          	1.064436            	40.571289           	0.000000            	132.187500          	12.452233           	1.056628            		
210                 	-12.329494          	1.020665            	39.812707           	0.000000            	126.812500          	12.499175           	1.084438            		
211                 	-11.319048          	1.005548            	38.968384           	0.000000            	121.875000          	12.459774           	1.102277            		
212                 	-12.503611          	1.135128            	38.127922           	0.000000            	117.000000          	12.425115           	1.130159            		
213                 	-12.526373          	1.053431            	37.270986           	0.000000            	111.937500          	12.409839           	1.158565            		
214                 	-11.544263          	1.067842            	36.412048           	0.000000            	106.875000          	12.405495           	1.190898            		
215                 	-9.657116           	1.157004            	35.651934           	0.000000            	101.937500          	12.469017           	1.220395            		
216                 	-10.324502          	1.196002            	34.821050           	0.000000            	97.500000           	12.435954           	1.254290            		
217                 	-10.099391          	1.171742            	33.953434           	0.000000            	92.937500           	12.404419           	1.291467            		
218                 	-6.929115           	1.179850            	33.111520           	0.000000            	88.062500           	12.449939           	1.332658            		
219                 	-6.053571           	1.220242            	32.080139           	0.000000            	83.187500           	12.371274           	1.371979            		
220                 	-5.002055           	1.245841            	31.188027           	0.000000            	78.437500           	12.400867           	1.430280            		
221                 	-6.908465           	1.262283            	30.348589           	0.000000            	74.312500           	12.394104           	1.474974            		
222                 	-6.122383           	1.364543            	29.425816           	0.000000            	69.625000           	12.436318           	1.541753            		
223                 	-4.073833           	1.383346            	28.364267           	0.000000            	65.062500           	12.365520           	1.608728            		
224                 	-3.973095           	1.442199            	27.412513           	0.000000            	60.500000           	12.420593           	1.688662            		
225                 	-2.150059           	1.513694            	26.310583           	0.000000            	56.000000           	12.361550           	1.789401            		
226                 	-2.028567           	1.538526            	25.260563           	0.000000            	51.687500           	12.345268           	1.884787            		
227                 	-1.923548           	1.646567            	24.111274           	0.000000            	47.187500           	12.320075           	2.021161            		
228                 	-0.834736           	1.720533            	23.026211           	0.000000            	42.687500           	12.420647           	2.250510            		
229                 	-0.775413           	1.726180            	21.820069           	0.000000            	38.500000           	12.366634           	2.552233            		
230                 	-1.500630           	1.835605            	20.529555           	0.000000            	34.500000           	12.216307           	2.894829            		
231                 	-1.247768           	2.034085            	19.311711           	0.000000            	30.562500           	12.202607           	3.208585            		
232                 	-0.708416           	2.103489            	18.243679           	0.000000            	27.187500           	12.242090           	3.456958            		
233                 	-0.147013           	2.291676            	16.771354           	0.000000            	23.312500           	12.065558           	3.741519            		
234                 	0.108571            	2.489083            	15.408593           	0.000000            	19.562500           	12.136728           	3.935249            		
235                 	0.097143            	2.729689            	13.905650           	0.000000            	16.062500           	12.038419           	4.046215            		
236                 	0.085714            	2.626217            	12.636764           	0.000000            	12.812500           	12.463439           	3.882398            		
237                 	0.074286            	2.767655            	11.030324           	0.000000            	9.812500            	12.399291           	3.714650            		
238                 	0.062857            	3.585426            	9.616110            	0.000000            	7.312500            	12.645412           	3.639927            		
239                 	0.051429            	4.202126            	8.056577            	0.000000            	5.062500            	12.821420           	3.185926            		
240                 	0.040000            	5.764190            	6.058700            	0.000000            	3.062500            	11.986235           	2.533388            		
241                 	0.028571            	7.403302            	4.265807            	0.000000            	1.562500            	11.646148           	1.872217            		


#44s 44101ms 44101056us 
