0.000000            5.690167            
1.000000            5.653782            
2.000000            5.749201            
3.000000            5.810300            
4.000000            5.771036            
5.000000            5.750632            
6.000000            5.828388            
7.000000            5.903268            
8.000000            5.949319            
9.000000            6.076453            
10.000000           6.123369            
11.000000           6.260193            
12.000000           6.423095            
13.000000           6.788523            
14.000000           7.278468            
15.000000           7.399664            
16.000000           7.609088            
17.000000           7.897900            
18.000000           8.134081            
19.000000           8.365884            
20.000000           8.551298            
21.000000           8.645003            
22.000000           8.800333            
23.000000           8.976234            
24.000000           8.936983            
25.000000           9.066718            
26.000000           8.960461            
27.000000           8.972140            
28.000000           9.069235            
29.000000           9.061883            
30.000000           8.991416            
31.000000           9.061973            
32.000000           8.990102            
33.000000           9.279827            
34.000000           8.726752            
35.000000           8.297117            
36.000000           8.124567            
37.000000           8.109225            
38.000000           8.127499            
39.000000           8.046006            
40.000000           8.082514            
41.000000           7.731458            
42.000000           7.803303            
43.000000           7.812481            
44.000000           7.715811            
45.000000           7.521215            
46.000000           7.566584            
47.000000           7.693678            
48.000000           7.884278            
49.000000           7.941280            
50.000000           7.827489            
51.000000           8.001931            
52.000000           7.940604            
53.000000           8.169242            
54.000000           8.114862            
55.000000           8.057632            
56.000000           8.082514            
57.000000           7.731458            
58.000000           7.803303            
59.000000           7.812481            
60.000000           7.715811            
61.000000           7.521215            
62.000000           7.566584            
63.000000           7.693678            
64.000000           7.884278            
65.000000           7.941280            
66.000000           7.827489            
67.000000           8.001931            
68.000000           7.940604            
69.000000           8.169242            
70.000000           8.114862            
71.000000           8.057632            
72.000000           8.082514            
73.000000           7.731458            
74.000000           7.803303            
75.000000           7.812481            
76.000000           7.715811            
77.000000           7.521215            
78.000000           7.566584            
79.000000           7.693678            
80.000000           7.884278            
81.000000           7.941280            
82.000000           7.827489            
83.000000           8.001931            
84.000000           7.940604            
85.000000           8.169242            
86.000000           8.114862            
87.000000           8.057632            
88.000000           8.082514            
89.000000           7.731458            
90.000000           7.803303            
91.000000           7.812481            
92.000000           7.715811            
93.000000           7.521215            
94.000000           7.566584            
95.000000           7.693678            
96.000000           7.884278            
97.000000           7.941280            
98.000000           7.827489            
99.000000           8.001931            
100.000000          7.940604            
101.000000          8.169242            
102.000000          8.114862            
103.000000          8.057632            
104.000000          8.082514            
105.000000          7.731458            
106.000000          7.803303            
107.000000          7.812481            
108.000000          7.715811            
109.000000          7.521215            
110.000000          7.566584            
111.000000          7.693678            
112.000000          7.884278            
113.000000          7.941280            
114.000000          7.827489            
115.000000          8.001931            
116.000000          7.940604            
117.000000          8.169242            
118.000000          8.114862            
119.000000          8.057632            
120.000000          8.082514            
121.000000          7.731458            
122.000000          7.803303            
123.000000          7.812481            
124.000000          7.715811            
125.000000          7.521215            
126.000000          7.566584            
127.000000          7.693678            
128.000000          7.884278            
129.000000          7.941280            
130.000000          7.827489            
131.000000          8.001931            
132.000000          7.940604            
133.000000          8.169242            
134.000000          8.114862            
135.000000          8.057632            
136.000000          8.082514            
137.000000          7.731458            
138.000000          7.803303            
139.000000          7.812481            
140.000000          7.715811            
141.000000          7.521215            
142.000000          7.566584            
143.000000          7.693678            
144.000000          7.884278            
145.000000          7.941280            
146.000000          7.827489            
147.000000          8.001931            
148.000000          7.940604            
149.000000          8.169242            
150.000000          8.114862            
151.000000          8.057632            
152.000000          8.082514            
153.000000          7.731458            
154.000000          7.803303            
155.000000          7.812481            
156.000000          7.715811            
157.000000          7.521215            
158.000000          7.566584            
159.000000          7.693678            
160.000000          7.884278            
161.000000          7.941280            
162.000000          7.827489            
163.000000          8.001931            
164.000000          7.940604            
165.000000          8.169242            
166.000000          8.114862            
167.000000          8.057632            
168.000000          8.082514            
169.000000          7.731458            
170.000000          7.803303            
171.000000          7.812481            
172.000000          7.715811            
173.000000          7.521215            
174.000000          7.566584            
175.000000          7.693678            
176.000000          7.884278            
177.000000          7.941280            
178.000000          7.827489            
179.000000          8.001931            
180.000000          7.940604            
181.000000          8.169242            
182.000000          8.114862            
183.000000          8.057632            
184.000000          8.082514            
185.000000          7.731458            
186.000000          7.803303            
187.000000          7.812481            
188.000000          7.715811            
189.000000          7.521215            
190.000000          7.566584            
191.000000          7.693678            
192.000000          7.884278            
193.000000          7.941280            
194.000000          7.827489            
195.000000          8.001931            
196.000000          7.940604            
197.000000          8.169242            
198.000000          8.114862            
199.000000          8.057632            
200.000000          8.082514            
201.000000          7.731458            
202.000000          7.803303            
203.000000          7.812481            
204.000000          7.715811            
205.000000          7.521215            
206.000000          7.566584            
207.000000          7.693678            
208.000000          7.884278            
209.000000          7.941280            
210.000000          7.827489            
211.000000          8.001931            
212.000000          7.940604            
213.000000          8.169242            
214.000000          8.114862            
215.000000          8.057632            
216.000000          8.082514            
217.000000          7.731458            
218.000000          7.803303            
219.000000          7.812481            
220.000000          7.715811            
221.000000          7.521215            
222.000000          7.566584            
223.000000          7.693678            
224.000000          7.884278            
225.000000          7.941280            
226.000000          7.827489            
227.000000          8.001931            
228.000000          7.940604            
229.000000          8.169242            
230.000000          8.114862            
231.000000          8.057632            
232.000000          8.082514            
233.000000          7.731458            
234.000000          7.803303            
235.000000          7.812481            
236.000000          7.715811            
237.000000          7.521215            
238.000000          7.566584            
239.000000          7.693678            
240.000000          7.884278            
241.000000          7.941280            
242.000000          7.827489            
243.000000          8.001931            
244.000000          7.940604            
245.000000          8.169242            
246.000000          8.114862            
247.000000          8.057632            
248.000000          8.082514            
249.000000          7.731458            
250.000000          7.803303            
251.000000          7.812481            
252.000000          7.715811            
253.000000          7.521215            
254.000000          7.566584            
255.000000          7.693678            
256.000000          7.884278            
257.000000          7.941280            
258.000000          7.827489            
259.000000          8.001931            
260.000000          7.940604            
261.000000          8.169242            
262.000000          8.114862            
263.000000          8.057632            
264.000000          8.082514            
265.000000          7.731458            
266.000000          7.803303            
267.000000          7.812481            
268.000000          7.715811            
269.000000          7.521215            
270.000000          7.566584            
271.000000          7.693678            
272.000000          7.884278            
273.000000          7.941280            
274.000000          7.827489            
275.000000          8.001931            
276.000000          7.940604            
277.000000          8.169242            
278.000000          8.114862            
279.000000          8.057632            
280.000000          8.082514            
281.000000          7.731458            
282.000000          7.803303            
283.000000          7.812481            
284.000000          7.715811            
285.000000          7.521215            
286.000000          7.566584            
287.000000          7.693678            
288.000000          7.884278            
289.000000          7.941280            
290.000000          7.827489            
291.000000          8.001931            
292.000000          7.940604            
293.000000          8.169242            
294.000000          8.114862            
295.000000          8.057632            
296.000000          8.082514            
297.000000          7.731458            
298.000000          7.803303            
299.000000          7.812481            
300.000000          7.715811            
301.000000          7.521215            
302.000000          7.566584            
303.000000          7.693678            
304.000000          7.884278            
305.000000          7.941280            
306.000000          7.827489            
307.000000          8.001931            
308.000000          7.940604            
309.000000          8.169242            
310.000000          8.114862            
311.000000          8.057632            
312.000000          8.082514            
313.000000          7.731458            
314.000000          7.803303            
315.000000          7.812481            
316.000000          7.715811            
317.000000          7.521215            
318.000000          7.566584            
319.000000          7.693678            
320.000000          7.884278            
321.000000          7.941280            
322.000000          7.827489            
323.000000          8.001931            
324.000000          7.940604            
325.000000          8.169242            
326.000000          8.114862            
327.000000          8.057632            
328.000000          8.082514            
329.000000          7.731458            
330.000000          7.803303            
331.000000          7.812481            
332.000000          7.715811            
333.000000          7.521215            
334.000000          7.566584            
335.000000          7.693678            
336.000000          7.884278            
337.000000          7.941280            
338.000000          7.827489            
339.000000          8.001931            
340.000000          7.940604            
341.000000          8.169242            
342.000000          8.114862            
343.000000          8.057632            
344.000000          8.082514            
345.000000          7.731458            
346.000000          7.803303            
347.000000          7.812481            
348.000000          7.715811            
349.000000          7.521215            
350.000000          7.566584            
351.000000          7.693678            
352.000000          7.884278            
353.000000          7.941280            
354.000000          7.827489            
355.000000          8.001931            
356.000000          7.940604            
357.000000          8.169242            
358.000000          8.114862            
359.000000          8.057632            
360.000000          8.082514            
361.000000          7.731458            
362.000000          7.803303            
363.000000          7.812481            
364.000000          7.715811            
365.000000          7.521215            
366.000000          7.566584            
367.000000          7.693678            
368.000000          7.884278            
369.000000          7.941280            
370.000000          7.827489            
371.000000          8.001931            
372.000000          7.940604            
373.000000          8.169242            
374.000000          8.114862            
375.000000          8.057632            
376.000000          8.082514            
377.000000          7.731458            
378.000000          7.803303            
379.000000          7.812481            
380.000000          7.715811            
381.000000          7.521215            
382.000000          7.566584            
383.000000          7.693678            
384.000000          7.884278            
385.000000          7.941280            
386.000000          7.827489            
387.000000          8.001931            
388.000000          7.940604            
389.000000          8.169242            
390.000000          8.114862            
391.000000          8.057632            
392.000000          8.082514            
393.000000          7.731458            
394.000000          7.803303            
395.000000          7.812481            
396.000000          7.715811            
397.000000          7.521215            
398.000000          7.566584            
399.000000          7.693678            
400.000000          7.884278            
#Execution time: 756s 756001ms 756001008us 
