#Image: triangle
#
#Iteration           	Opt. Energy         	Elastica MDCA       	Perimeter           	Unlabeled           	
0                   	-1.000000           	9.996987            	410.999745          	0.000000            	
1                   	32.958201           	12.702268           	400.032615          	0.000000            	
2                   	31.612712           	6.398363            	387.354491          	0.000000            	
3                   	35.138910           	4.716229            	379.296427          	0.000000            	
4                   	37.041157           	2.963691            	372.806402          	0.000000            	
5                   	50.846124           	2.039542            	367.296980          	0.000000            	
6                   	54.473525           	1.733447            	361.832727          	0.000000            	
7                   	69.891222           	1.652208            	357.245374          	0.000000            	
8                   	74.594022           	1.517622            	352.833362          	0.000000            	
9                   	71.650308           	1.741577            	348.932512          	0.000000            	
10                  	71.363023           	1.287754            	345.124464          	0.000000            	
11                  	68.909911           	1.352205            	341.593160          	0.000000            	
12                  	77.283416           	1.455312            	338.192900          	0.000000            	
13                  	75.095075           	1.133525            	334.911350          	0.000000            	
14                  	75.900593           	1.151160            	331.757439          	0.000000            	
15                  	66.524824           	1.079502            	328.789128          	0.000000            	
16                  	74.642556           	1.446759            	326.238559          	0.000000            	
17                  	65.341619           	1.046358            	323.493326          	0.000000            	
18                  	80.136926           	0.954112            	319.982102          	0.000000            	
19                  	71.082662           	1.311837            	317.929891          	0.000000            	
20                  	80.903416           	1.001711            	314.957390          	0.000000            	
21                  	81.499429           	1.020900            	313.236915          	0.000000            	
22                  	72.745556           	0.924814            	309.903681          	0.000000            	
23                  	74.221903           	1.233406            	307.392993          	0.000000            	
24                  	81.748000           	1.141156            	305.622901          	0.000000            	
25                  	82.604000           	1.396341            	303.111259          	0.000000            	
26                  	61.525190           	0.967111            	301.030989          	0.000000            	
27                  	75.383774           	1.149718            	298.963214          	0.000000            	
28                  	66.680352           	0.899149            	296.783625          	0.000000            	
29                  	76.508782           	1.214283            	295.149926          	0.000000            	
30                  	73.234409           	0.874353            	293.255568          	0.000000            	
31                  	73.720384           	0.756609            	291.011670          	0.000000            	
32                  	82.132269           	1.238071            	289.357172          	0.000000            	
33                  	66.764070           	1.214942            	287.585783          	0.000000            	
34                  	81.264162           	1.530467            	286.093614          	0.000000            	
35                  	65.997857           	0.950096            	284.443478          	0.000000            	
36                  	76.896153           	0.767494            	281.982314          	0.000000            	
37                  	85.915042           	1.094816            	280.122714          	0.000000            	
38                  	65.193329           	1.162333            	278.918268          	0.000000            	
39                  	67.454619           	1.222932            	276.937007          	0.000000            	
40                  	62.240159           	0.731301            	275.023402          	0.000000            	
41                  	79.546902           	1.175876            	273.842180          	0.000000            	
42                  	74.552528           	1.001967            	272.115188          	0.000000            	
43                  	57.468048           	1.189272            	270.566150          	0.000000            	
44                  	64.976996           	0.659487            	268.745907          	0.000000            	
45                  	82.455635           	0.943660            	267.781453          	0.000000            	
46                  	72.521392           	0.831275            	266.181101          	0.000000            	
47                  	56.041295           	1.721731            	264.770481          	0.000000            	
48                  	67.419038           	0.774171            	263.035129          	0.000000            	
49                  	82.900489           	0.962368            	261.843962          	0.000000            	
50                  	66.989522           	1.004823            	260.359347          	0.000000            	
51                  	60.065476           	0.904264            	258.677699          	0.000000            	
52                  	56.070306           	0.882878            	257.097011          	0.000000            	
53                  	57.115814           	0.767168            	255.613679          	0.000000            	
54                  	69.197767           	0.986209            	254.617376          	0.000000            	
55                  	60.044538           	1.691033            	252.438725          	0.000000            	
56                  	68.554466           	0.796571            	250.688040          	0.000000            	
57                  	73.941300           	1.243050            	249.378908          	0.000000            	
58                  	54.457914           	0.806176            	247.874481          	0.000000            	
59                  	65.482995           	0.732974            	245.674603          	0.000000            	
60                  	68.950425           	0.774210            	244.157735          	0.000000            	
61                  	50.942203           	0.713127            	242.445111          	0.000000            	
62                  	60.452678           	0.810380            	241.547077          	0.000000            	
63                  	70.384000           	1.017937            	239.338379          	0.000000            	
64                  	56.527252           	0.710301            	237.292616          	0.000000            	
65                  	53.495429           	0.823815            	235.931655          	0.000000            	
66                  	75.170110           	0.934562            	233.903237          	0.000000            	
67                  	46.148308           	0.931290            	232.013441          	0.000000            	
68                  	47.862579           	0.892734            	230.199754          	0.000000            	
69                  	65.010887           	0.772710            	229.078249          	0.000000            	
70                  	70.162832           	0.891339            	226.636125          	0.000000            	
71                  	51.161591           	0.739193            	224.825041          	0.000000            	
72                  	60.246437           	0.817844            	223.436205          	0.000000            	
73                  	59.844169           	1.130537            	221.435128          	0.000000            	
74                  	45.128892           	0.835503            	219.872495          	0.000000            	
75                  	49.036046           	1.075765            	217.950840          	0.000000            	
76                  	57.881476           	0.768250            	215.733139          	0.000000            	
77                  	56.258695           	0.911542            	214.154342          	0.000000            	
78                  	48.058221           	0.830678            	211.728851          	0.000000            	
79                  	53.288471           	0.935022            	209.974671          	0.000000            	
80                  	43.869161           	0.941121            	208.131143          	0.000000            	
81                  	45.282183           	0.964101            	206.962470          	0.000000            	
82                  	40.306093           	1.105892            	204.337159          	0.000000            	
83                  	43.564508           	1.034233            	202.644395          	0.000000            	
84                  	54.734454           	1.128258            	200.255255          	0.000000            	
85                  	37.723855           	0.874297            	198.128434          	0.000000            	
86                  	41.433078           	1.129082            	196.461096          	0.000000            	
87                  	42.109564           	0.908993            	194.181301          	0.000000            	
88                  	45.518063           	0.996822            	191.858127          	0.000000            	
89                  	41.243545           	1.212570            	189.823359          	0.000000            	
90                  	41.241983           	1.041688            	188.099668          	0.000000            	
91                  	44.685023           	1.147197            	185.758303          	0.000000            	
92                  	34.428517           	1.242804            	183.470998          	0.000000            	
93                  	39.292602           	1.184459            	181.202507          	0.000000            	
94                  	33.017680           	1.070661            	179.081607          	0.000000            	
95                  	42.717585           	1.267433            	177.149961          	0.000000            	
96                  	34.845788           	1.133623            	175.018352          	0.000000            	
97                  	32.420793           	1.255996            	172.523717          	0.000000            	
98                  	30.210199           	1.319801            	170.133105          	0.000000            	
99                  	29.610180           	1.276831            	167.875552          	0.000000            	
100                 	30.671636           	1.400560            	165.307185          	0.000000            	
101                 	27.408355           	1.339907            	162.713762          	0.000000            	
102                 	30.246781           	1.706862            	161.077495          	0.000000            	
103                 	30.684818           	1.193156            	157.811131          	0.000000            	
104                 	25.872862           	1.217661            	155.066780          	0.000000            	
105                 	30.005758           	1.616918            	152.509275          	0.000000            	
106                 	24.777690           	1.069353            	150.018936          	0.000000            	
107                 	34.899327           	1.270356            	146.400108          	0.000000            	
108                 	16.471433           	1.692179            	143.444010          	0.000000            	
109                 	22.986842           	1.222416            	140.661747          	0.000000            	
110                 	21.530665           	1.328902            	137.477596          	0.000000            	
111                 	17.589589           	1.627432            	134.209806          	0.000000            	
112                 	21.806946           	1.511542            	130.719808          	0.000000            	
113                 	18.111667           	1.212321            	126.754908          	0.000000            	
114                 	14.861321           	1.453206            	123.323068          	0.000000            	
115                 	13.652973           	1.325858            	118.706544          	0.000000            	
116                 	12.732824           	1.376317            	114.883006          	0.000000            	
117                 	9.880132            	1.446063            	110.492659          	0.000000            	
118                 	10.829101           	1.499617            	106.634386          	0.000000            	
119                 	8.061667            	1.615970            	101.964789          	0.000000            	
120                 	6.047992            	1.828458            	97.638034           	0.000000            	
121                 	6.655441            	1.776876            	92.749492           	0.000000            	
122                 	4.385500            	1.838690            	87.934337           	0.000000            	
123                 	3.564862            	1.841535            	83.162593           	0.000000            	
124                 	2.342899            	2.064604            	77.899993           	0.000000            	
125                 	1.071143            	2.194614            	72.466289           	0.000000            	
126                 	2.044000            	2.369744            	65.824901           	0.000000            	
127                 	-1.086793           	2.653543            	60.061364           	0.000000            	
128                 	0.342609            	4.037968            	53.054823           	0.000000            	
129                 	-0.727532           	3.331008            	46.017534           	0.000000            	
130                 	-1.112758           	3.831154            	39.398645           	0.000000            	
131                 	0.008667            	4.703692            	31.206631           	0.000000            	
132                 	0.006000            	6.577102            	22.984539           	0.000000            	
133                 	0.004571            	9.970032            	14.107864           	0.000000            	
134                 	0.003143            	23.338340           	3.414214            	0.000000            	


#26s 26750ms 26750071us 
