0.000000            8.996940            
1.000000            10.285266           
2.000000            10.076099           
3.000000            9.117758            
4.000000            7.325280            
5.000000            7.014404            
6.000000            7.159988            
7.000000            6.766285            
8.000000            5.976215            
9.000000            5.411387            
10.000000           4.904982            
11.000000           4.675097            
12.000000           4.440870            
13.000000           4.397392            
14.000000           4.240427            
15.000000           4.250095            
16.000000           4.231506            
17.000000           4.259006            
18.000000           4.542409            
19.000000           4.133955            
20.000000           3.912015            
21.000000           4.057588            
22.000000           3.832603            
23.000000           4.282561            
24.000000           4.253267            
25.000000           4.143665            
26.000000           3.915656            
27.000000           3.851060            
28.000000           3.657209            
29.000000           3.637688            
30.000000           3.588521            
31.000000           3.817419            
32.000000           3.733966            
33.000000           3.697534            
34.000000           3.893600            
35.000000           3.801936            
36.000000           3.953214            
37.000000           4.288068            
38.000000           4.113566            
39.000000           3.889976            
40.000000           3.933415            
41.000000           3.811393            
42.000000           3.718483            
43.000000           3.787565            
44.000000           3.675620            
45.000000           3.959962            
46.000000           3.779448            
47.000000           3.594663            
48.000000           3.640256            
49.000000           3.604416            
50.000000           3.584033            
51.000000           3.615015            
52.000000           3.823284            
53.000000           3.775999            
54.000000           3.761313            
55.000000           3.723291            
56.000000           3.843915            
57.000000           3.961957            
58.000000           3.965507            
59.000000           3.851778            
60.000000           4.043120            
61.000000           4.084678            
62.000000           4.161662            
63.000000           4.095250            
64.000000           3.721751            
65.000000           3.721539            
66.000000           3.955679            
67.000000           3.858858            
68.000000           3.750546            
69.000000           3.866908            
70.000000           3.955329            
71.000000           4.241180            
72.000000           3.991445            
73.000000           4.254066            
74.000000           4.177192            
75.000000           4.400483            
76.000000           4.229007            
77.000000           4.407609            
78.000000           4.092827            
79.000000           4.252310            
80.000000           4.372282            
81.000000           4.460540            
82.000000           4.280636            
83.000000           4.090971            
84.000000           4.322705            
85.000000           4.649519            
86.000000           4.388050            
87.000000           4.132492            
88.000000           4.320848            
89.000000           4.413392            
90.000000           4.505629            
91.000000           4.270074            
92.000000           4.489490            
93.000000           4.756327            
94.000000           4.603765            
95.000000           4.393703            
96.000000           4.334077            
97.000000           4.444536            
98.000000           4.689619            
99.000000           4.624351            
100.000000          4.481473            
101.000000          4.689939            
102.000000          4.656435            
103.000000          4.522386            
104.000000          4.409547            
105.000000          4.468689            
106.000000          4.653707            
107.000000          4.520398            
108.000000          4.689397            
109.000000          4.519604            
110.000000          4.528341            
111.000000          4.481921            
112.000000          4.374638            
113.000000          4.462288            
114.000000          4.486113            
115.000000          4.500222            
116.000000          4.492277            
117.000000          4.626738            
118.000000          4.164140            
119.000000          4.438137            
120.000000          4.433484            
121.000000          4.477000            
122.000000          4.334625            
123.000000          4.623978            
124.000000          4.478996            
125.000000          4.307877            
126.000000          4.375535            
127.000000          4.419233            
128.000000          4.352958            
129.000000          4.578214            
130.000000          4.355947            
131.000000          4.298745            
132.000000          4.303403            
133.000000          4.101906            
134.000000          4.173316            
135.000000          4.039784            
136.000000          4.098686            
137.000000          4.138928            
138.000000          4.159123            
139.000000          3.989368            
140.000000          3.883836            
141.000000          3.930892            
142.000000          3.996657            
143.000000          4.168026            
144.000000          4.009738            
145.000000          4.015392            
146.000000          3.806241            
147.000000          3.934388            
148.000000          4.101572            
149.000000          3.962546            
150.000000          4.008038            
151.000000          4.090504            
152.000000          4.088537            
153.000000          4.010022            
154.000000          3.803588            
155.000000          3.850694            
156.000000          3.807372            
157.000000          3.782476            
158.000000          3.771814            
159.000000          3.782665            
160.000000          3.766925            
161.000000          3.733976            
162.000000          3.799540            
163.000000          3.750473            
164.000000          3.702898            
165.000000          3.642925            
166.000000          3.774992            
167.000000          3.677795            
168.000000          3.585077            
169.000000          3.560616            
170.000000          3.571260            
171.000000          3.519628            
172.000000          3.529057            
173.000000          3.514314            
174.000000          3.499646            
#Execution time: 18s 18016ms 18016239us 
