0.000000            11.566010           
1.000000            9.631588            
2.000000            8.629532            
3.000000            7.753614            
4.000000            6.855705            
5.000000            6.160021            
6.000000            5.602052            
7.000000            5.088974            
8.000000            4.687837            
9.000000            4.387995            
10.000000           4.120101            
11.000000           3.874498            
12.000000           3.674047            
13.000000           3.483950            
14.000000           3.304562            
15.000000           3.151182            
16.000000           3.051526            
17.000000           2.945912            
18.000000           2.834816            
19.000000           2.720719            
20.000000           2.624772            
21.000000           2.525050            
22.000000           2.439644            
23.000000           2.366109            
24.000000           2.287526            
25.000000           2.216925            
26.000000           2.143329            
27.000000           2.093665            
28.000000           2.043233            
29.000000           1.982056            
30.000000           1.935383            
31.000000           1.892577            
32.000000           1.834131            
33.000000           1.809770            
34.000000           1.781830            
35.000000           1.737399            
36.000000           1.702172            
37.000000           1.678045            
38.000000           1.647032            
39.000000           1.612360            
40.000000           1.596133            
41.000000           1.581243            
42.000000           1.559382            
43.000000           1.528302            
44.000000           1.508487            
45.000000           1.489235            
46.000000           1.480315            
47.000000           1.447898            
48.000000           1.421323            
49.000000           1.410528            
50.000000           1.383173            
51.000000           1.379445            
52.000000           1.368458            
53.000000           1.354288            
54.000000           1.333821            
55.000000           1.319082            
56.000000           1.313296            
57.000000           1.294884            
58.000000           1.292168            
59.000000           1.260152            
60.000000           1.249151            
61.000000           1.246339            
62.000000           1.243077            
63.000000           1.227169            
64.000000           1.210103            
65.000000           1.185777            
66.000000           1.171902            
67.000000           1.171282            
68.000000           1.164190            
69.000000           1.147348            
70.000000           1.129096            
71.000000           1.116650            
72.000000           1.110832            
73.000000           1.107094            
74.000000           1.099701            
75.000000           1.093157            
#Execution time: 26s 26196ms 26196205us 
