0.000000            12.173392           
1.000000            9.352503            
2.000000            8.076575            
3.000000            7.230081            
4.000000            6.793122            
5.000000            6.382389            
6.000000            6.041308            
7.000000            5.709608            
8.000000            5.465755            
9.000000            5.236440            
10.000000           5.038714            
11.000000           4.854906            
12.000000           4.622477            
13.000000           4.344422            
14.000000           4.121285            
15.000000           3.891557            
16.000000           3.677511            
17.000000           3.441650            
18.000000           3.227878            
19.000000           3.013235            
20.000000           2.796603            
21.000000           2.589576            
22.000000           2.407468            
23.000000           2.215230            
24.000000           2.058310            
25.000000           1.906726            
26.000000           1.774440            
27.000000           1.633510            
28.000000           1.543268            
29.000000           1.448031            
30.000000           1.381611            
31.000000           1.316499            
32.000000           1.251811            
33.000000           1.208510            
34.000000           1.155083            
35.000000           1.111316            
36.000000           1.064138            
37.000000           1.021640            
38.000000           0.995798            
39.000000           0.972324            
40.000000           0.945584            
41.000000           0.916429            
42.000000           0.900784            
43.000000           0.882439            
44.000000           0.858555            
45.000000           0.845393            
46.000000           0.836078            
47.000000           0.821692            
48.000000           0.795397            
49.000000           0.784671            
50.000000           0.777392            
51.000000           0.767252            
52.000000           0.758843            
53.000000           0.755473            
54.000000           0.749471            
55.000000           0.747282            
56.000000           0.738801            
57.000000           0.737629            
58.000000           0.732766            
59.000000           0.704234            
60.000000           0.698411            
61.000000           0.694886            
62.000000           0.689951            
63.000000           0.684107            
64.000000           0.668282            
65.000000           0.665506            
66.000000           0.663341            
67.000000           0.659827            
68.000000           0.654766            
69.000000           0.650758            
70.000000           0.647772            
71.000000           0.644550            
72.000000           0.643514            
73.000000           0.640258            
74.000000           0.638241            
75.000000           0.632993            
76.000000           0.630694            
77.000000           0.627950            
78.000000           0.626866            
79.000000           0.626264            
80.000000           0.625469            
#Execution time: 29s 29681ms 29681202us 
