0.000000            9.885719            
1.000000            7.650906            
2.000000            7.926640            
3.000000            7.805737            
4.000000            8.206442            
5.000000            8.444909            
6.000000            8.750156            
7.000000            8.471528            
8.000000            8.550145            
9.000000            8.533009            
10.000000           8.941101            
11.000000           9.286196            
12.000000           9.582130            
13.000000           9.490651            
14.000000           9.530470            
15.000000           9.604325            
#Execution time: 18s 18651ms 18651034us 
