0.000000            11.566010           
1.000000            9.499265            
2.000000            8.373920            
3.000000            7.260416            
4.000000            6.195864            
5.000000            5.466722            
6.000000            4.903633            
7.000000            4.382017            
8.000000            3.935717            
9.000000            3.607643            
10.000000           3.350721            
11.000000           3.126486            
12.000000           2.931940            
13.000000           2.749751            
14.000000           2.600276            
15.000000           2.480616            
16.000000           2.362433            
17.000000           2.287255            
18.000000           2.208980            
19.000000           2.117756            
20.000000           2.075737            
21.000000           2.035224            
22.000000           1.994119            
23.000000           1.962619            
24.000000           1.922978            
25.000000           1.918432            
26.000000           1.900181            
27.000000           1.868042            
28.000000           1.851019            
29.000000           1.848268            
30.000000           1.838883            
31.000000           1.815056            
32.000000           1.814315            
#Execution time: 15s 15574ms 15574165us 
