0.000000            6.068504            
1.000000            5.989612            
2.000000            6.068362            
3.000000            6.458889            
4.000000            6.992564            
5.000000            7.175535            
6.000000            7.217203            
7.000000            8.196704            
8.000000            8.253029            
9.000000            8.752917            
10.000000           9.401509            
11.000000           9.612172            
12.000000           10.501265           
13.000000           10.773032           
14.000000           10.366663           
15.000000           10.552699           
16.000000           10.678909           
17.000000           11.788844           
18.000000           11.771581           
19.000000           10.815426           
20.000000           10.795469           
21.000000           12.011703           
22.000000           12.125067           
23.000000           11.763354           
24.000000           12.190717           
25.000000           12.616759           
26.000000           12.541551           
27.000000           13.211717           
28.000000           13.223128           
29.000000           13.344409           
30.000000           13.601724           
31.000000           13.212590           
32.000000           13.432035           
33.000000           13.438927           
34.000000           13.459141           
35.000000           13.542949           
36.000000           14.123314           
37.000000           13.729844           
38.000000           13.727801           
39.000000           13.854397           
40.000000           14.183844           
41.000000           14.761504           
42.000000           15.520847           
43.000000           13.939521           
44.000000           13.936923           
45.000000           14.059150           
46.000000           14.392754           
47.000000           14.962893           
48.000000           15.745088           
49.000000           14.125557           
50.000000           13.936095           
51.000000           13.966917           
52.000000           13.952222           
53.000000           13.969579           
54.000000           13.932387           
55.000000           14.977660           
56.000000           15.728108           
57.000000           14.043547           
58.000000           13.902428           
59.000000           13.935201           
60.000000           13.943643           
61.000000           13.945234           
62.000000           13.973034           
63.000000           13.969296           
64.000000           13.933360           
65.000000           14.958554           
66.000000           15.720522           
67.000000           14.038373           
68.000000           13.905022           
69.000000           13.902440           
70.000000           13.944437           
71.000000           13.957176           
72.000000           13.943296           
73.000000           13.972041           
74.000000           13.935914           
75.000000           14.975607           
76.000000           15.720462           
77.000000           14.018980           
78.000000           13.878781           
79.000000           13.899597           
80.000000           13.933608           
81.000000           13.933078           
82.000000           13.944656           
83.000000           13.942139           
84.000000           13.942689           
85.000000           13.993155           
86.000000           14.963993           
87.000000           15.721188           
88.000000           14.032027           
89.000000           13.846592           
90.000000           13.906232           
91.000000           13.891274           
92.000000           13.928040           
93.000000           13.927253           
94.000000           13.939092           
95.000000           13.936314           
96.000000           13.933479           
97.000000           13.964046           
98.000000           13.937595           
99.000000           14.968719           
100.000000          15.712508           
101.000000          14.032190           
102.000000          13.874213           
103.000000          13.893849           
104.000000          13.928040           
105.000000          13.927253           
106.000000          13.939092           
107.000000          13.936314           
108.000000          13.933479           
109.000000          13.964046           
110.000000          13.937595           
111.000000          14.968719           
112.000000          15.712508           
113.000000          14.032190           
114.000000          13.874213           
115.000000          13.893849           
116.000000          13.928040           
117.000000          13.927253           
118.000000          13.939092           
119.000000          13.936314           
120.000000          13.933479           
121.000000          13.964046           
122.000000          13.937595           
123.000000          14.968719           
124.000000          15.712508           
125.000000          14.032190           
126.000000          13.874213           
127.000000          13.893849           
128.000000          13.928040           
129.000000          13.927253           
130.000000          13.939092           
131.000000          13.936314           
132.000000          13.933479           
133.000000          13.964046           
134.000000          13.937595           
135.000000          14.968719           
136.000000          15.712508           
137.000000          14.032190           
138.000000          13.874213           
139.000000          13.893849           
140.000000          13.928040           
141.000000          13.927253           
142.000000          13.939092           
143.000000          13.936314           
144.000000          13.933479           
145.000000          13.964046           
146.000000          13.937595           
147.000000          14.968719           
148.000000          15.712508           
149.000000          14.032190           
150.000000          13.874213           
151.000000          13.893849           
152.000000          13.928040           
153.000000          13.927253           
154.000000          13.939092           
155.000000          13.936314           
156.000000          13.933479           
157.000000          13.964046           
158.000000          13.937595           
159.000000          14.968719           
160.000000          15.712508           
161.000000          14.032190           
162.000000          13.874213           
163.000000          13.893849           
164.000000          13.928040           
165.000000          13.927253           
166.000000          13.939092           
167.000000          13.936314           
168.000000          13.933479           
169.000000          13.964046           
170.000000          13.937595           
171.000000          14.968719           
172.000000          15.712508           
173.000000          14.032190           
174.000000          13.874213           
175.000000          13.893849           
176.000000          13.928040           
177.000000          13.927253           
178.000000          13.939092           
179.000000          13.936314           
180.000000          13.933479           
181.000000          13.964046           
182.000000          13.937595           
183.000000          14.968719           
184.000000          15.712508           
185.000000          14.032190           
186.000000          13.874213           
187.000000          13.893849           
188.000000          13.928040           
189.000000          13.927253           
190.000000          13.939092           
191.000000          13.936314           
192.000000          13.933479           
193.000000          13.964046           
194.000000          13.937595           
195.000000          14.968719           
196.000000          15.712508           
197.000000          14.032190           
198.000000          13.874213           
199.000000          13.893849           
200.000000          13.928040           
201.000000          13.927253           
202.000000          13.939092           
203.000000          13.936314           
204.000000          13.933479           
205.000000          13.964046           
206.000000          13.937595           
207.000000          14.968719           
208.000000          15.712508           
209.000000          14.032190           
210.000000          13.874213           
211.000000          13.893849           
212.000000          13.928040           
213.000000          13.927253           
214.000000          13.939092           
215.000000          13.936314           
216.000000          13.933479           
217.000000          13.964046           
218.000000          13.937595           
219.000000          14.968719           
220.000000          15.712508           
221.000000          14.032190           
222.000000          13.874213           
223.000000          13.893849           
224.000000          13.928040           
225.000000          13.927253           
226.000000          13.939092           
227.000000          13.936314           
228.000000          13.933479           
229.000000          13.964046           
230.000000          13.937595           
231.000000          14.968719           
232.000000          15.712508           
233.000000          14.032190           
234.000000          13.874213           
235.000000          13.893849           
236.000000          13.928040           
237.000000          13.927253           
238.000000          13.939092           
239.000000          13.936314           
240.000000          13.933479           
241.000000          13.964046           
242.000000          13.937595           
243.000000          14.968719           
244.000000          15.712508           
245.000000          14.032190           
246.000000          13.874213           
247.000000          13.893849           
248.000000          13.928040           
249.000000          13.927253           
250.000000          13.939092           
251.000000          13.936314           
252.000000          13.933479           
253.000000          13.964046           
254.000000          13.937595           
255.000000          14.968719           
256.000000          15.712508           
257.000000          14.032190           
258.000000          13.874213           
259.000000          13.893849           
260.000000          13.928040           
261.000000          13.927253           
262.000000          13.939092           
263.000000          13.936314           
264.000000          13.933479           
265.000000          13.964046           
266.000000          13.937595           
267.000000          14.968719           
268.000000          15.712508           
269.000000          14.032190           
270.000000          13.874213           
271.000000          13.893849           
272.000000          13.928040           
273.000000          13.927253           
274.000000          13.939092           
275.000000          13.936314           
276.000000          13.933479           
277.000000          13.964046           
278.000000          13.937595           
279.000000          14.968719           
280.000000          15.712508           
281.000000          14.032190           
282.000000          13.874213           
283.000000          13.893849           
284.000000          13.928040           
285.000000          13.927253           
286.000000          13.939092           
287.000000          13.936314           
288.000000          13.933479           
289.000000          13.964046           
290.000000          13.937595           
291.000000          14.968719           
292.000000          15.712508           
293.000000          14.032190           
294.000000          13.874213           
295.000000          13.893849           
296.000000          13.928040           
297.000000          13.927253           
298.000000          13.939092           
299.000000          13.936314           
300.000000          13.933479           
301.000000          13.964046           
302.000000          13.937595           
303.000000          14.968719           
304.000000          15.712508           
305.000000          14.032190           
306.000000          13.874213           
307.000000          13.893849           
308.000000          13.928040           
309.000000          13.927253           
310.000000          13.939092           
311.000000          13.936314           
312.000000          13.933479           
313.000000          13.964046           
314.000000          13.937595           
315.000000          14.968719           
316.000000          15.712508           
317.000000          14.032190           
318.000000          13.874213           
319.000000          13.893849           
320.000000          13.928040           
321.000000          13.927253           
322.000000          13.939092           
323.000000          13.936314           
324.000000          13.933479           
325.000000          13.964046           
326.000000          13.937595           
327.000000          14.968719           
328.000000          15.712508           
329.000000          14.032190           
330.000000          13.874213           
331.000000          13.893849           
332.000000          13.928040           
333.000000          13.927253           
334.000000          13.939092           
335.000000          13.936314           
336.000000          13.933479           
337.000000          13.964046           
338.000000          13.937595           
339.000000          14.968719           
340.000000          15.712508           
341.000000          14.032190           
342.000000          13.874213           
343.000000          13.893849           
344.000000          13.928040           
345.000000          13.927253           
346.000000          13.939092           
347.000000          13.936314           
348.000000          13.933479           
349.000000          13.964046           
350.000000          13.937595           
351.000000          14.968719           
352.000000          15.712508           
353.000000          14.032190           
354.000000          13.874213           
355.000000          13.893849           
356.000000          13.928040           
357.000000          13.927253           
358.000000          13.939092           
359.000000          13.936314           
360.000000          13.933479           
361.000000          13.964046           
362.000000          13.937595           
363.000000          14.968719           
364.000000          15.712508           
365.000000          14.032190           
366.000000          13.874213           
367.000000          13.893849           
368.000000          13.928040           
369.000000          13.927253           
370.000000          13.939092           
371.000000          13.936314           
372.000000          13.933479           
373.000000          13.964046           
374.000000          13.937595           
375.000000          14.968719           
376.000000          15.712508           
377.000000          14.032190           
378.000000          13.874213           
379.000000          13.893849           
380.000000          13.928040           
381.000000          13.927253           
382.000000          13.939092           
383.000000          13.936314           
384.000000          13.933479           
385.000000          13.964046           
386.000000          13.937595           
387.000000          14.968719           
388.000000          15.712508           
389.000000          14.032190           
390.000000          13.874213           
391.000000          13.893849           
392.000000          13.928040           
393.000000          13.927253           
394.000000          13.939092           
395.000000          13.936314           
396.000000          13.933479           
397.000000          13.964046           
398.000000          13.937595           
399.000000          14.968719           
400.000000          15.712508           
#Execution time: 88s 88999ms 88999316us 
