0.000000            8.996940            
1.000000            6.800241            
2.000000            7.083499            
3.000000            6.973697            
4.000000            7.383690            
5.000000            7.630122            
6.000000            7.943143            
7.000000            7.673439            
8.000000            7.752571            
9.000000            7.735961            
10.000000           8.141293            
11.000000           8.483151            
12.000000           8.776953            
13.000000           8.687942            
14.000000           8.740504            
15.000000           8.813854            
#Execution time: 18s 18537ms 18537618us 
