0.000000            2.898980            
1.000000            2.871278            
2.000000            2.851216            
3.000000            2.838783            
4.000000            2.829012            
5.000000            2.828150            
6.000000            2.814007            
7.000000            2.800509            
8.000000            2.794771            
9.000000            2.784110            
10.000000           2.774358            
11.000000           2.762639            
12.000000           2.758056            
13.000000           2.750508            
14.000000           2.740850            
15.000000           2.735270            
16.000000           2.730548            
17.000000           2.722706            
18.000000           2.717456            
19.000000           2.705007            
20.000000           2.695376            
21.000000           2.689270            
22.000000           2.685746            
23.000000           2.679948            
24.000000           2.676468            
25.000000           2.659789            
26.000000           2.659609            
27.000000           2.659626            
28.000000           2.652062            
29.000000           2.644041            
30.000000           2.637441            
31.000000           2.625542            
32.000000           2.618420            
33.000000           2.618150            
34.000000           2.613381            
35.000000           2.607872            
36.000000           2.605434            
37.000000           2.598628            
38.000000           2.593314            
39.000000           2.584937            
40.000000           2.581818            
41.000000           2.578016            
42.000000           2.565671            
43.000000           2.561293            
44.000000           2.554468            
45.000000           2.550460            
46.000000           2.542907            
47.000000           2.537392            
48.000000           2.529996            
49.000000           2.519563            
50.000000           2.517121            
51.000000           2.510758            
52.000000           2.503506            
53.000000           2.499232            
54.000000           2.494462            
55.000000           2.488440            
56.000000           2.478160            
57.000000           2.475931            
58.000000           2.468832            
59.000000           2.463037            
60.000000           2.453907            
61.000000           2.455576            
62.000000           2.449586            
63.000000           2.432057            
64.000000           2.431415            
65.000000           2.429754            
66.000000           2.423940            
67.000000           2.415192            
68.000000           2.403470            
69.000000           2.397928            
70.000000           2.385295            
71.000000           2.382144            
72.000000           2.378892            
73.000000           2.366480            
74.000000           2.361592            
75.000000           2.355484            
76.000000           2.356566            
77.000000           2.345736            
78.000000           2.338316            
79.000000           2.341602            
80.000000           2.326097            
81.000000           2.325851            
82.000000           2.324891            
83.000000           2.313777            
84.000000           2.300056            
85.000000           2.294981            
86.000000           2.282137            
87.000000           2.270069            
88.000000           2.268115            
89.000000           2.262536            
90.000000           2.252303            
91.000000           2.250566            
92.000000           2.243426            
93.000000           2.238655            
94.000000           2.225614            
95.000000           2.223942            
96.000000           2.214418            
97.000000           2.208643            
98.000000           2.205338            
99.000000           2.198325            
100.000000          2.189685            
101.000000          2.180817            
102.000000          2.176406            
103.000000          2.173064            
104.000000          2.173262            
105.000000          2.161685            
106.000000          2.157291            
107.000000          2.151331            
108.000000          2.145198            
109.000000          2.129762            
110.000000          2.130278            
111.000000          2.126078            
112.000000          2.125596            
113.000000          2.110634            
114.000000          2.106080            
115.000000          2.099632            
116.000000          2.098914            
117.000000          2.091979            
118.000000          2.087461            
119.000000          2.086405            
120.000000          2.074345            
121.000000          2.061344            
122.000000          2.056018            
123.000000          2.058405            
124.000000          2.056974            
125.000000          2.048446            
126.000000          2.046197            
127.000000          2.038282            
128.000000          2.032745            
129.000000          2.020055            
130.000000          2.019003            
131.000000          2.017434            
132.000000          2.007856            
133.000000          2.006571            
134.000000          1.997327            
135.000000          1.997528            
136.000000          1.996136            
137.000000          1.987805            
138.000000          1.976629            
139.000000          1.971560            
140.000000          1.972479            
141.000000          1.972790            
142.000000          1.959556            
143.000000          1.950226            
144.000000          1.948359            
145.000000          1.947823            
146.000000          1.945604            
147.000000          1.930988            
148.000000          1.927730            
149.000000          1.924199            
150.000000          1.927937            
151.000000          1.927597            
152.000000          1.913145            
153.000000          1.910234            
154.000000          1.902738            
155.000000          1.901493            
156.000000          1.902521            
157.000000          1.895685            
158.000000          1.887538            
159.000000          1.885343            
160.000000          1.884198            
161.000000          1.881473            
162.000000          1.877672            
163.000000          1.863967            
164.000000          1.863121            
165.000000          1.863004            
166.000000          1.861555            
167.000000          1.861190            
168.000000          1.848685            
169.000000          1.849539            
170.000000          1.844256            
171.000000          1.839059            
172.000000          1.838706            
173.000000          1.837880            
174.000000          1.834100            
175.000000          1.831761            
176.000000          1.823726            
177.000000          1.815479            
178.000000          1.814740            
179.000000          1.814218            
180.000000          1.814235            
181.000000          1.806464            
182.000000          1.799811            
183.000000          1.799765            
184.000000          1.794699            
185.000000          1.792994            
186.000000          1.787634            
187.000000          1.785968            
188.000000          1.780408            
189.000000          1.779446            
190.000000          1.771613            
191.000000          1.765358            
192.000000          1.762054            
193.000000          1.763090            
194.000000          1.762519            
195.000000          1.754408            
196.000000          1.746168            
197.000000          1.742563            
198.000000          1.745964            
199.000000          1.741159            
200.000000          1.736934            
201.000000          1.729982            
202.000000          1.729427            
203.000000          1.723781            
204.000000          1.719510            
205.000000          1.713794            
206.000000          1.711136            
207.000000          1.709242            
208.000000          1.701082            
209.000000          1.703424            
210.000000          1.697169            
211.000000          1.690723            
212.000000          1.686115            
213.000000          1.688640            
214.000000          1.685122            
215.000000          1.682682            
216.000000          1.671179            
217.000000          1.666092            
218.000000          1.665185            
219.000000          1.658155            
220.000000          1.656719            
221.000000          1.657881            
222.000000          1.653249            
223.000000          1.645484            
224.000000          1.639391            
225.000000          1.637499            
226.000000          1.638974            
227.000000          1.631993            
228.000000          1.630037            
229.000000          1.624592            
230.000000          1.623102            
231.000000          1.615898            
232.000000          1.615639            
233.000000          1.609978            
234.000000          1.607094            
235.000000          1.601397            
236.000000          1.598988            
237.000000          1.599742            
238.000000          1.596376            
239.000000          1.590587            
240.000000          1.592038            
241.000000          1.588016            
242.000000          1.589796            
243.000000          1.580146            
244.000000          1.575037            
245.000000          1.566850            
246.000000          1.562587            
247.000000          1.559511            
248.000000          1.553905            
249.000000          1.555732            
250.000000          1.547103            
251.000000          1.551701            
252.000000          1.545108            
253.000000          1.544431            
254.000000          1.541478            
255.000000          1.542410            
256.000000          1.540052            
257.000000          1.520294            
258.000000          1.518119            
259.000000          1.513962            
260.000000          1.514109            
261.000000          1.510364            
262.000000          1.509534            
263.000000          1.506844            
264.000000          1.504269            
265.000000          1.502146            
266.000000          1.502954            
267.000000          1.499978            
268.000000          1.492311            
269.000000          1.492479            
270.000000          1.487920            
271.000000          1.487296            
272.000000          1.481828            
273.000000          1.470046            
274.000000          1.469914            
275.000000          1.461840            
276.000000          1.461312            
277.000000          1.464223            
278.000000          1.459895            
279.000000          1.450938            
280.000000          1.451133            
281.000000          1.444684            
282.000000          1.442129            
283.000000          1.439995            
284.000000          1.439708            
285.000000          1.434556            
286.000000          1.436033            
287.000000          1.434417            
288.000000          1.437015            
289.000000          1.427779            
290.000000          1.410702            
291.000000          1.404853            
292.000000          1.404234            
293.000000          1.400213            
294.000000          1.398232            
295.000000          1.397509            
296.000000          1.396497            
297.000000          1.388120            
298.000000          1.395423            
299.000000          1.390937            
300.000000          1.380693            
301.000000          1.376570            
302.000000          1.378826            
303.000000          1.372422            
304.000000          1.373147            
305.000000          1.368049            
306.000000          1.363252            
307.000000          1.362965            
308.000000          1.359691            
309.000000          1.350847            
310.000000          1.347559            
311.000000          1.351469            
312.000000          1.343495            
313.000000          1.340890            
314.000000          1.340994            
315.000000          1.336438            
316.000000          1.330663            
317.000000          1.331457            
318.000000          1.328909            
319.000000          1.325057            
320.000000          1.328762            
321.000000          1.325193            
322.000000          1.326734            
323.000000          1.323929            
324.000000          1.319739            
325.000000          1.317279            
326.000000          1.315275            
327.000000          1.319296            
328.000000          1.316792            
329.000000          1.316262            
330.000000          1.311277            
331.000000          1.315793            
332.000000          1.307800            
333.000000          1.308754            
334.000000          1.311116            
335.000000          1.310358            
336.000000          1.303369            
337.000000          1.305545            
338.000000          1.308334            
339.000000          1.300093            
340.000000          1.301267            
341.000000          1.302262            
342.000000          1.299801            
343.000000          1.302789            
344.000000          1.300521            
345.000000          1.297506            
346.000000          1.292708            
347.000000          1.294957            
348.000000          1.298375            
349.000000          1.299921            
350.000000          1.298250            
351.000000          1.294732            
352.000000          1.296016            
353.000000          1.295055            
354.000000          1.293053            
355.000000          1.294872            
356.000000          1.296562            
357.000000          1.293508            
358.000000          1.290318            
359.000000          1.292086            
360.000000          1.294962            
361.000000          1.292048            
362.000000          1.289809            
363.000000          1.288269            
364.000000          1.294519            
365.000000          1.292157            
366.000000          1.292722            
367.000000          1.291982            
368.000000          1.288436            
369.000000          1.295020            
370.000000          1.290333            
371.000000          1.291270            
372.000000          1.288033            
373.000000          1.293559            
374.000000          1.288114            
375.000000          1.288694            
376.000000          1.287737            
377.000000          1.294152            
378.000000          1.288622            
379.000000          1.290169            
380.000000          1.286835            
381.000000          1.287790            
382.000000          1.289314            
383.000000          1.289816            
384.000000          1.288243            
385.000000          1.286867            
386.000000          1.287168            
387.000000          1.287917            
388.000000          1.290997            
389.000000          1.289054            
390.000000          1.285446            
391.000000          1.286021            
392.000000          1.287844            
393.000000          1.283902            
394.000000          1.285570            
395.000000          1.287411            
396.000000          1.283741            
397.000000          1.289000            
398.000000          1.284032            
399.000000          1.286519            
400.000000          1.284817            
#Execution time: 51s 51259ms 51259419us 
