0.000000            8.996940            
1.000000            8.714117            
2.000000            6.737861            
3.000000            5.996529            
4.000000            5.656926            
5.000000            5.417355            
6.000000            4.868748            
7.000000            4.699906            
8.000000            4.347113            
9.000000            4.142496            
10.000000           4.159801            
11.000000           3.507082            
12.000000           3.388194            
13.000000           3.272792            
14.000000           3.396680            
15.000000           3.017925            
16.000000           3.143452            
17.000000           3.126772            
18.000000           3.008661            
19.000000           2.911096            
20.000000           2.942887            
21.000000           3.016520            
22.000000           2.892379            
23.000000           2.858849            
24.000000           2.887434            
25.000000           2.723674            
26.000000           2.767777            
27.000000           2.805375            
28.000000           2.752070            
29.000000           2.762054            
30.000000           2.778523            
31.000000           2.931773            
32.000000           2.831042            
33.000000           2.761855            
34.000000           2.691338            
35.000000           2.768474            
36.000000           2.650882            
37.000000           2.666331            
38.000000           2.780044            
39.000000           2.764454            
40.000000           2.683479            
41.000000           2.725030            
42.000000           2.748251            
43.000000           2.808065            
44.000000           2.813973            
45.000000           2.772032            
46.000000           2.826344            
47.000000           2.822972            
48.000000           2.823265            
49.000000           2.837961            
50.000000           2.862328            
51.000000           2.773110            
52.000000           2.811773            
53.000000           2.870724            
54.000000           2.827637            
55.000000           2.873208            
56.000000           2.861111            
57.000000           2.777576            
58.000000           2.792230            
59.000000           2.772399            
60.000000           2.794534            
61.000000           2.805380            
62.000000           2.850617            
63.000000           2.764663            
64.000000           2.738379            
65.000000           2.765056            
66.000000           2.796882            
67.000000           2.796507            
68.000000           2.719250            
69.000000           2.762551            
70.000000           2.751391            
71.000000           2.763695            
72.000000           2.783615            
73.000000           2.775179            
74.000000           2.817247            
75.000000           2.829489            
76.000000           2.782136            
77.000000           2.840453            
78.000000           2.778355            
79.000000           2.801831            
80.000000           2.796636            
81.000000           2.798762            
82.000000           2.845284            
83.000000           2.783822            
84.000000           2.778084            
85.000000           2.783087            
86.000000           2.813970            
87.000000           2.938464            
88.000000           2.819340            
89.000000           2.832818            
90.000000           2.814763            
91.000000           2.889439            
92.000000           2.787739            
93.000000           2.802629            
94.000000           2.822947            
95.000000           2.905689            
96.000000           2.773237            
97.000000           2.813178            
98.000000           2.842807            
99.000000           2.891862            
100.000000          2.768900            
101.000000          2.851741            
102.000000          2.957505            
103.000000          2.998102            
104.000000          2.860236            
105.000000          2.796078            
106.000000          2.809891            
107.000000          2.895475            
108.000000          2.843120            
109.000000          2.908084            
110.000000          2.863473            
111.000000          2.887275            
112.000000          2.881701            
113.000000          2.939944            
114.000000          2.975369            
115.000000          2.993687            
116.000000          3.076932            
117.000000          2.983946            
118.000000          2.979823            
119.000000          2.986549            
120.000000          3.095685            
121.000000          2.998676            
122.000000          3.055306            
123.000000          3.042184            
124.000000          3.132734            
125.000000          3.086306            
126.000000          3.107095            
127.000000          3.163180            
128.000000          3.156634            
129.000000          3.076670            
130.000000          3.103847            
131.000000          3.162394            
132.000000          3.118479            
133.000000          3.177607            
134.000000          3.061677            
135.000000          3.077851            
136.000000          3.129544            
137.000000          3.198097            
138.000000          3.133688            
139.000000          3.187984            
140.000000          3.183513            
141.000000          3.155561            
142.000000          3.234738            
143.000000          3.120058            
144.000000          3.128151            
145.000000          3.148779            
146.000000          3.273160            
147.000000          3.149002            
148.000000          3.252754            
149.000000          3.186378            
150.000000          3.203550            
151.000000          3.256118            
152.000000          3.186013            
153.000000          3.208103            
154.000000          3.195887            
155.000000          3.264513            
156.000000          3.142059            
157.000000          3.222625            
158.000000          3.151453            
159.000000          3.170919            
160.000000          3.200151            
161.000000          3.175622            
162.000000          3.193908            
163.000000          3.183925            
164.000000          3.203175            
165.000000          3.221821            
166.000000          3.186943            
167.000000          3.160929            
168.000000          3.154311            
169.000000          3.192406            
170.000000          3.220604            
171.000000          3.159484            
172.000000          3.185346            
173.000000          3.347498            
174.000000          3.397817            
175.000000          3.408810            
176.000000          3.344641            
177.000000          3.403855            
178.000000          3.397569            
179.000000          3.449223            
180.000000          3.451226            
181.000000          3.398362            
182.000000          3.420643            
183.000000          3.470085            
184.000000          3.488302            
185.000000          3.492241            
186.000000          3.545331            
187.000000          3.477509            
188.000000          3.664787            
189.000000          3.794370            
190.000000          3.807043            
191.000000          3.611180            
192.000000          3.827263            
193.000000          3.846225            
194.000000          3.929405            
195.000000          3.766341            
196.000000          3.846589            
197.000000          3.895542            
198.000000          3.660338            
199.000000          3.641182            
200.000000          3.633399            
201.000000          3.726629            
202.000000          3.794786            
203.000000          3.802282            
204.000000          3.920312            
205.000000          3.937055            
206.000000          3.992690            
207.000000          3.951328            
208.000000          3.974846            
209.000000          4.011497            
210.000000          3.937997            
211.000000          3.931542            
212.000000          3.974805            
213.000000          3.943393            
214.000000          4.057201            
215.000000          4.097309            
216.000000          4.052971            
217.000000          4.013190            
218.000000          4.065818            
219.000000          4.052945            
220.000000          4.085259            
221.000000          4.093614            
222.000000          4.036223            
223.000000          4.018958            
224.000000          4.069562            
225.000000          4.055013            
226.000000          4.096594            
227.000000          4.108224            
228.000000          4.055470            
229.000000          4.026826            
230.000000          4.064181            
231.000000          4.077915            
232.000000          4.084802            
233.000000          4.113683            
234.000000          4.042781            
235.000000          4.027386            
236.000000          4.061204            
237.000000          4.084558            
238.000000          4.101887            
239.000000          4.124598            
240.000000          4.104702            
241.000000          4.030739            
242.000000          4.028798            
243.000000          4.059692            
244.000000          4.136739            
245.000000          4.229136            
246.000000          4.186628            
247.000000          4.198319            
248.000000          4.216514            
249.000000          4.141165            
250.000000          4.160786            
251.000000          4.185289            
252.000000          4.193857            
253.000000          4.191628            
254.000000          4.198458            
255.000000          4.183178            
256.000000          4.227501            
257.000000          4.198110            
258.000000          4.356690            
259.000000          4.295259            
260.000000          4.327689            
261.000000          4.358404            
262.000000          4.301655            
263.000000          4.315102            
264.000000          4.322976            
265.000000          4.332143            
266.000000          4.340660            
267.000000          4.354478            
268.000000          4.358498            
269.000000          4.374655            
270.000000          4.295266            
271.000000          4.334610            
272.000000          4.321959            
273.000000          4.417354            
274.000000          4.478046            
275.000000          4.489953            
276.000000          4.524406            
277.000000          4.474282            
278.000000          4.493646            
279.000000          4.506448            
280.000000          4.511241            
281.000000          4.428281            
282.000000          4.447871            
283.000000          4.466545            
284.000000          4.478293            
285.000000          4.490994            
286.000000          4.492331            
287.000000          4.490102            
288.000000          4.497199            
289.000000          4.509254            
290.000000          4.601882            
291.000000          4.628682            
292.000000          4.536627            
293.000000          4.555300            
294.000000          4.567049            
295.000000          4.579750            
296.000000          4.581042            
297.000000          4.581263            
298.000000          4.572277            
299.000000          4.584235            
300.000000          4.593363            
301.000000          4.594072            
302.000000          4.602374            
303.000000          4.606923            
304.000000          4.617766            
#Execution time: 12s 12940ms 12940482us 
