0.000000            7.326805            
1.000000            7.172006            
2.000000            7.805842            
3.000000            8.884080            
4.000000            9.353983            
5.000000            9.947915            
6.000000            10.225784           
7.000000            10.819803           
8.000000            11.009053           
9.000000            9.761831            
10.000000           8.789076            
11.000000           8.815255            
12.000000           8.980886            
#Execution time: 25s 25926ms 25926051us 
