#It	EnergyValue
1	12.677
2	12.2068
3	11.7468
4	11.3263
5	10.6983
6	10.4052
7	10.0008
8	9.68986
9	9.20323
10	8.71372
11	8.3501
12	8.04476
13	7.76095
14	7.51075
15	7.32153
16	7.16534
17	7.01025
18	6.85574
19	6.70299
20	6.57343
21	6.43673
22	6.29329
23	6.07054
24	5.6786
25	5.38248
26	4.85458
27	4.59228
28	4.29545
29	4.10529
30	4.00224
31	3.89978
32	3.78809
33	3.69317
34	3.60327
35	3.51981
36	3.45061
37	3.3873
38	3.3269
39	3.26949
40	3.1839
41	3.12662
42	3.02615
43	2.95644
44	2.87641
45	2.82413
46	2.77642
47	2.72084
48	2.67488
49	2.62586
50	2.58144
51	2.54237
52	2.50071
53	2.46001
54	2.4263
55	2.39382
56	2.3645
57	2.33701
58	2.30989
59	2.28427
60	2.26083
61	2.23841
62	2.21625
63	2.19733
64	2.1807
65	2.16457
66	2.15253
67	2.13952
68	2.12671
69	2.11442
70	2.10299
71	2.09379
72	2.07989
73	2.07235
74	2.06509
75	2.05753
76	2.051
77	2.04481
78	2.03935
79	2.03435
80	2.02939
81	2.02313
82	2.01874
83	2.01577
84	2.01295
85	2.01073
86	2.00371
87	2.00115
88	1.99775
89	1.99616
90	1.99471
91	1.99314
92	1.99215
93	1.99087
94	1.98997
95	1.98895
96	1.98825
97	1.98756
98	1.98683
99	1.98627
100	1.98165
101	1.98035
102	1.97932
103	1.97888
104	1.9786
105	1.97825
106	1.97799
107	1.9778
108	1.97751
109	1.97741
110	1.97711
111	1.97709
112	1.97664
113	1.97663
114	1.97655


#5473s 5473091ms 5473091533us 
Initial digital shape size: 7481 pixels.