0.000000            9.885719            
1.000000            9.725699            
2.000000            7.877766            
3.000000            7.507131            
4.000000            7.007850            
5.000000            6.076144            
6.000000            5.905553            
7.000000            6.028531            
8.000000            5.419788            
9.000000            5.351593            
10.000000           5.429958            
11.000000           5.232641            
12.000000           5.091393            
13.000000           5.147014            
14.000000           4.793823            
15.000000           4.526968            
16.000000           4.610133            
17.000000           4.583644            
18.000000           4.472869            
19.000000           4.288939            
20.000000           4.164133            
21.000000           4.287595            
22.000000           4.232428            
23.000000           4.232369            
24.000000           4.164724            
25.000000           3.816337            
26.000000           3.849898            
27.000000           3.864628            
28.000000           3.820268            
29.000000           3.703513            
30.000000           3.818531            
31.000000           3.773686            
32.000000           3.510680            
33.000000           3.509789            
34.000000           3.555381            
35.000000           3.508123            
36.000000           3.519985            
37.000000           3.430304            
38.000000           3.618054            
39.000000           3.289512            
40.000000           3.355188            
41.000000           3.485381            
42.000000           3.359289            
43.000000           3.435902            
44.000000           3.480373            
45.000000           3.392684            
46.000000           3.332178            
47.000000           3.390224            
48.000000           3.299607            
49.000000           3.219209            
50.000000           3.249833            
51.000000           3.203597            
52.000000           3.091994            
53.000000           3.134893            
54.000000           3.109754            
55.000000           3.120895            
56.000000           3.162549            
57.000000           3.148909            
58.000000           3.116829            
59.000000           2.976477            
60.000000           3.067494            
61.000000           3.014684            
62.000000           3.147299            
63.000000           3.195594            
64.000000           3.069580            
65.000000           3.168389            
66.000000           3.126493            
67.000000           3.160010            
68.000000           3.005781            
69.000000           3.083831            
70.000000           3.049870            
71.000000           3.005969            
72.000000           3.066372            
73.000000           3.015276            
74.000000           2.961623            
75.000000           2.863272            
76.000000           2.864296            
77.000000           2.865860            
78.000000           2.807182            
79.000000           2.823860            
80.000000           2.780368            
81.000000           2.841844            
82.000000           2.722503            
83.000000           2.782337            
84.000000           2.834127            
85.000000           2.925526            
86.000000           2.777171            
87.000000           2.750627            
88.000000           2.583414            
89.000000           2.609358            
90.000000           2.567119            
91.000000           2.648034            
92.000000           2.733160            
93.000000           2.711401            
94.000000           2.588540            
95.000000           2.563317            
96.000000           2.575405            
97.000000           2.530923            
98.000000           2.507006            
99.000000           2.506150            
100.000000          2.512252            
101.000000          2.585756            
102.000000          2.485412            
103.000000          2.476033            
104.000000          2.539433            
105.000000          2.514418            
106.000000          2.602142            
107.000000          2.479244            
108.000000          2.388318            
109.000000          2.508429            
110.000000          2.612402            
111.000000          2.459295            
112.000000          2.445771            
113.000000          2.404180            
114.000000          2.361681            
115.000000          2.311069            
116.000000          2.333363            
117.000000          2.360508            
118.000000          2.314218            
119.000000          2.324795            
120.000000          2.360712            
121.000000          2.341524            
122.000000          2.285393            
123.000000          2.336169            
124.000000          2.304305            
125.000000          2.303813            
126.000000          2.345447            
127.000000          2.278384            
128.000000          2.207824            
129.000000          2.299235            
130.000000          2.192831            
131.000000          2.297497            
132.000000          2.143638            
133.000000          2.205806            
134.000000          2.253292            
135.000000          2.178738            
136.000000          2.204765            
137.000000          2.263980            
138.000000          2.045720            
139.000000          2.070053            
140.000000          2.137138            
141.000000          2.062338            
142.000000          2.068888            
143.000000          2.078766            
144.000000          2.009722            
145.000000          2.016501            
146.000000          2.118059            
147.000000          2.036906            
148.000000          2.091354            
149.000000          2.082001            
150.000000          2.027229            
151.000000          1.958626            
152.000000          2.029870            
153.000000          1.956654            
154.000000          1.969727            
155.000000          2.053902            
156.000000          1.966438            
157.000000          1.976217            
158.000000          2.062663            
159.000000          1.994225            
160.000000          1.905533            
161.000000          1.929597            
162.000000          1.966034            
163.000000          1.946273            
164.000000          1.928497            
165.000000          1.984043            
166.000000          1.970005            
167.000000          1.857089            
168.000000          1.940365            
169.000000          2.006841            
170.000000          1.937411            
171.000000          1.952713            
172.000000          1.957863            
173.000000          1.868439            
174.000000          1.946191            
175.000000          1.878264            
176.000000          1.894511            
177.000000          1.979552            
178.000000          1.828375            
179.000000          1.807417            
180.000000          1.925458            
181.000000          1.884267            
182.000000          1.915866            
183.000000          1.966094            
184.000000          1.877546            
185.000000          1.876262            
186.000000          1.839141            
187.000000          1.836025            
188.000000          1.859628            
189.000000          1.832330            
190.000000          1.838281            
191.000000          1.894357            
192.000000          1.815690            
193.000000          1.832788            
194.000000          1.885702            
195.000000          1.862099            
196.000000          1.851107            
197.000000          1.883144            
198.000000          1.830068            
199.000000          1.885539            
200.000000          1.789039            
201.000000          1.811587            
202.000000          1.751732            
203.000000          1.745471            
204.000000          1.810458            
205.000000          1.764305            
206.000000          1.725073            
207.000000          1.797452            
208.000000          1.778460            
209.000000          1.761548            
210.000000          1.823440            
211.000000          1.781130            
212.000000          1.739953            
213.000000          1.836781            
214.000000          1.800441            
215.000000          1.782397            
216.000000          1.812787            
217.000000          1.762224            
218.000000          1.648616            
219.000000          1.771209            
220.000000          1.800737            
221.000000          1.766940            
222.000000          1.791108            
223.000000          1.849280            
224.000000          1.765755            
225.000000          1.857096            
226.000000          1.751632            
227.000000          1.607526            
228.000000          1.611383            
229.000000          1.555963            
230.000000          1.555250            
231.000000          1.718043            
232.000000          1.608115            
233.000000          1.553688            
234.000000          1.548639            
235.000000          1.599012            
236.000000          1.589857            
237.000000          1.773027            
238.000000          1.574770            
239.000000          1.516531            
240.000000          1.558070            
241.000000          1.640416            
242.000000          1.732384            
243.000000          1.600994            
244.000000          1.463226            
245.000000          1.545837            
246.000000          1.735388            
247.000000          1.725903            
248.000000          1.515219            
249.000000          1.520370            
250.000000          1.586064            
251.000000          1.642454            
252.000000          1.730202            
253.000000          1.526099            
254.000000          1.563287            
255.000000          1.656189            
256.000000          1.619035            
257.000000          1.600838            
258.000000          1.732212            
259.000000          1.498245            
260.000000          1.582044            
261.000000          1.738321            
262.000000          1.691943            
263.000000          1.649946            
264.000000          1.581736            
265.000000          1.532627            
266.000000          1.697136            
267.000000          1.653472            
268.000000          1.663111            
269.000000          1.477394            
270.000000          1.563367            
271.000000          1.788263            
272.000000          1.649532            
273.000000          1.650722            
274.000000          1.566832            
275.000000          1.564621            
276.000000          1.728966            
277.000000          1.679872            
278.000000          1.742699            
279.000000          1.543053            
280.000000          1.554361            
281.000000          1.784579            
282.000000          1.625898            
283.000000          1.704477            
284.000000          1.552706            
285.000000          1.631652            
286.000000          1.735501            
287.000000          1.665919            
288.000000          1.767137            
289.000000          1.569613            
290.000000          1.604458            
291.000000          1.805319            
292.000000          1.719272            
293.000000          1.722008            
294.000000          1.549022            
295.000000          1.688054            
296.000000          1.841520            
297.000000          1.786521            
298.000000          1.619898            
299.000000          1.610354            
300.000000          1.688608            
301.000000          1.894969            
302.000000          1.649820            
303.000000          1.721267            
304.000000          1.679485            
305.000000          1.698277            
306.000000          1.840247            
307.000000          1.685456            
308.000000          1.730472            
309.000000          1.645321            
310.000000          1.643275            
311.000000          1.854186            
312.000000          1.702621            
313.000000          1.764154            
314.000000          1.632611            
315.000000          1.658921            
316.000000          1.795601            
317.000000          1.665456            
318.000000          1.736229            
319.000000          1.677037            
320.000000          1.662890            
321.000000          1.777231            
322.000000          1.719828            
323.000000          1.720027            
324.000000          1.736652            
325.000000          1.612333            
326.000000          1.727244            
327.000000          1.720724            
328.000000          1.777798            
329.000000          1.590762            
330.000000          1.612644            
331.000000          1.769652            
332.000000          1.775088            
333.000000          1.743095            
334.000000          1.564054            
335.000000          1.597510            
336.000000          1.822350            
337.000000          1.723825            
338.000000          1.691412            
339.000000          1.616041            
340.000000          1.668361            
341.000000          1.753573            
342.000000          1.668157            
343.000000          1.740797            
344.000000          1.651499            
345.000000          1.580937            
346.000000          1.808685            
347.000000          1.726578            
348.000000          1.820501            
349.000000          1.580893            
350.000000          1.648815            
351.000000          1.832851            
352.000000          1.766418            
353.000000          1.717060            
354.000000          1.619344            
355.000000          1.704736            
356.000000          1.829513            
357.000000          1.657810            
358.000000          1.725660            
359.000000          1.604304            
360.000000          1.709078            
361.000000          1.761389            
362.000000          1.705579            
363.000000          1.776486            
364.000000          1.628654            
365.000000          1.572931            
366.000000          1.798344            
367.000000          1.752374            
368.000000          1.764096            
369.000000          1.562423            
370.000000          1.609042            
371.000000          1.842518            
372.000000          1.728660            
373.000000          1.771421            
374.000000          1.610420            
375.000000          1.627945            
376.000000          1.823132            
377.000000          1.758076            
378.000000          1.703816            
379.000000          1.606242            
380.000000          1.686039            
381.000000          1.806506            
382.000000          1.833215            
383.000000          1.721095            
384.000000          1.584428            
385.000000          1.724251            
386.000000          1.840057            
387.000000          1.727834            
388.000000          1.682620            
389.000000          1.713443            
390.000000          1.666241            
391.000000          1.876937            
392.000000          1.758392            
393.000000          1.782524            
394.000000          1.635750            
395.000000          1.684852            
396.000000          1.940104            
397.000000          1.801838            
398.000000          1.672518            
399.000000          1.657758            
400.000000          1.768907            
#Execution time: 14s 14920ms 14920253us 
