0.000000            12.676985           
1.000000            10.913928           
2.000000            7.945762            
3.000000            6.395163            
4.000000            4.930357            
5.000000            4.039743            
6.000000            3.534502            
7.000000            3.248984            
8.000000            3.030825            
9.000000            2.908174            
10.000000           2.836398            
11.000000           2.773291            
12.000000           2.732588            
13.000000           2.680325            
14.000000           2.661279            
15.000000           2.633786            
16.000000           2.619261            
17.000000           2.601494            
#Execution time: 14s 14230ms 14230520us 
