0.000000            4.906359            
1.000000            3.672490            
2.000000            3.073012            
3.000000            2.729963            
4.000000            2.471952            
5.000000            2.313873            
6.000000            2.201320            
7.000000            2.121758            
8.000000            2.057429            
9.000000            2.018581            
10.000000           1.995886            
11.000000           1.974763            
12.000000           1.960309            
13.000000           1.946777            
14.000000           1.939817            
15.000000           1.934057            
16.000000           1.923469            
17.000000           1.913752            
18.000000           1.906028            
19.000000           1.903386            
20.000000           1.898413            
21.000000           1.884592            
22.000000           1.876085            
23.000000           1.869472            
24.000000           1.864089            
25.000000           1.853881            
26.000000           1.842409            
27.000000           1.836602            
28.000000           1.829694            
29.000000           1.819988            
30.000000           1.813830            
31.000000           1.805501            
32.000000           1.796489            
33.000000           1.788353            
34.000000           1.785858            
35.000000           1.777503            
36.000000           1.768923            
37.000000           1.759677            
38.000000           1.755621            
39.000000           1.752263            
40.000000           1.741573            
41.000000           1.730387            
42.000000           1.723151            
43.000000           1.719741            
44.000000           1.711442            
45.000000           1.696527            
46.000000           1.689937            
47.000000           1.686876            
48.000000           1.677988            
49.000000           1.667026            
50.000000           1.658162            
51.000000           1.654770            
52.000000           1.647445            
53.000000           1.636719            
54.000000           1.629027            
55.000000           1.622558            
56.000000           1.616240            
57.000000           1.606343            
58.000000           1.595562            
59.000000           1.591946            
60.000000           1.583258            
61.000000           1.571998            
62.000000           1.564606            
63.000000           1.562480            
64.000000           1.552233            
65.000000           1.543170            
66.000000           1.534147            
67.000000           1.530504            
68.000000           1.524262            
69.000000           1.513934            
70.000000           1.505129            
71.000000           1.498914            
72.000000           1.492969            
73.000000           1.482867            
74.000000           1.472652            
75.000000           1.469628            
76.000000           1.460202            
77.000000           1.451092            
78.000000           1.444081            
79.000000           1.440812            
80.000000           1.436219            
81.000000           1.427029            
82.000000           1.418189            
83.000000           1.412537            
84.000000           1.408245            
85.000000           1.400660            
86.000000           1.395616            
87.000000           1.393297            
88.000000           1.384690            
89.000000           1.376625            
90.000000           1.373695            
91.000000           1.367139            
92.000000           1.364082            
93.000000           1.355898            
94.000000           1.351829            
95.000000           1.349565            
96.000000           1.343110            
97.000000           1.336391            
98.000000           1.335536            
99.000000           1.332065            
100.000000          1.329814            
101.000000          1.321986            
102.000000          1.320131            
103.000000          1.317445            
104.000000          1.315091            
105.000000          1.309416            
106.000000          1.308870            
107.000000          1.308762            
108.000000          1.308048            
109.000000          1.305392            
110.000000          1.300360            
111.000000          1.300173            
112.000000          1.296356            
113.000000          1.294541            
114.000000          1.296396            
115.000000          1.292690            
116.000000          1.292477            
117.000000          1.290336            
118.000000          1.288517            
119.000000          1.289272            
120.000000          1.289639            
121.000000          1.287636            
122.000000          1.286143            
123.000000          1.285595            
124.000000          1.284944            
125.000000          1.282853            
126.000000          1.284117            
127.000000          1.280931            
128.000000          1.281755            
129.000000          1.287377            
130.000000          1.281060            
131.000000          1.280112            
132.000000          1.280553            
133.000000          1.280698            
134.000000          1.279987            
135.000000          1.285058            
136.000000          1.275788            
137.000000          1.277527            
138.000000          1.277082            
139.000000          1.279093            
140.000000          1.282698            
141.000000          1.279207            
142.000000          1.277821            
143.000000          1.277558            
144.000000          1.279447            
145.000000          1.282988            
146.000000          1.278687            
147.000000          1.280942            
148.000000          1.278217            
149.000000          1.275754            
150.000000          1.280241            
151.000000          1.280785            
152.000000          1.279124            
153.000000          1.278351            
154.000000          1.278331            
155.000000          1.278028            
156.000000          1.277415            
157.000000          1.280545            
158.000000          1.276718            
159.000000          1.276456            
160.000000          1.278352            
161.000000          1.274231            
162.000000          1.277917            
163.000000          1.280903            
164.000000          1.276515            
165.000000          1.278322            
166.000000          1.276981            
167.000000          1.277819            
168.000000          1.280206            
169.000000          1.280816            
170.000000          1.279051            
171.000000          1.274331            
172.000000          1.277847            
173.000000          1.279150            
174.000000          1.280795            
175.000000          1.279253            
176.000000          1.275603            
177.000000          1.275916            
178.000000          1.280226            
179.000000          1.279479            
180.000000          1.277199            
181.000000          1.275641            
182.000000          1.276095            
183.000000          1.278062            
184.000000          1.280378            
185.000000          1.279300            
186.000000          1.274191            
187.000000          1.275497            
188.000000          1.276174            
189.000000          1.278501            
190.000000          1.280072            
191.000000          1.276837            
192.000000          1.273916            
193.000000          1.275543            
194.000000          1.276149            
195.000000          1.278486            
196.000000          1.279921            
197.000000          1.276611            
198.000000          1.273925            
199.000000          1.275887            
200.000000          1.276726            
201.000000          1.280336            
202.000000          1.279379            
203.000000          1.276976            
204.000000          1.274860            
205.000000          1.276327            
206.000000          1.281360            
207.000000          1.280238            
208.000000          1.280561            
209.000000          1.277104            
210.000000          1.276004            
211.000000          1.276072            
212.000000          1.280972            
213.000000          1.278784            
214.000000          1.274481            
215.000000          1.276426            
216.000000          1.276004            
217.000000          1.276072            
218.000000          1.280972            
219.000000          1.278784            
220.000000          1.274481            
221.000000          1.276426            
222.000000          1.276004            
223.000000          1.276072            
224.000000          1.280972            
225.000000          1.278784            
226.000000          1.274481            
227.000000          1.276426            
228.000000          1.276004            
229.000000          1.276072            
230.000000          1.280972            
231.000000          1.278784            
232.000000          1.274481            
233.000000          1.276426            
234.000000          1.276004            
235.000000          1.276072            
236.000000          1.280972            
237.000000          1.278784            
238.000000          1.274481            
239.000000          1.276426            
240.000000          1.276004            
241.000000          1.276072            
242.000000          1.280972            
243.000000          1.278784            
244.000000          1.274481            
245.000000          1.276426            
246.000000          1.276004            
247.000000          1.276072            
248.000000          1.280972            
249.000000          1.278784            
250.000000          1.274481            
251.000000          1.276426            
252.000000          1.276004            
253.000000          1.276072            
254.000000          1.280972            
255.000000          1.278784            
256.000000          1.274481            
257.000000          1.276426            
258.000000          1.276004            
259.000000          1.276072            
260.000000          1.280972            
261.000000          1.278784            
262.000000          1.274481            
263.000000          1.276426            
264.000000          1.276004            
265.000000          1.276072            
266.000000          1.280972            
267.000000          1.278784            
268.000000          1.274481            
269.000000          1.276426            
270.000000          1.276004            
271.000000          1.276072            
272.000000          1.280972            
273.000000          1.278784            
274.000000          1.274481            
275.000000          1.276426            
276.000000          1.276004            
277.000000          1.276072            
278.000000          1.280972            
279.000000          1.278784            
280.000000          1.274481            
281.000000          1.276426            
282.000000          1.276004            
283.000000          1.276072            
284.000000          1.280972            
285.000000          1.278784            
286.000000          1.274481            
287.000000          1.276426            
288.000000          1.276004            
289.000000          1.276072            
290.000000          1.280972            
291.000000          1.278784            
292.000000          1.274481            
293.000000          1.276426            
294.000000          1.276004            
295.000000          1.276072            
296.000000          1.280972            
297.000000          1.278784            
298.000000          1.274481            
299.000000          1.276426            
300.000000          1.276004            
301.000000          1.276072            
302.000000          1.280972            
303.000000          1.278784            
304.000000          1.274481            
305.000000          1.276426            
306.000000          1.276004            
307.000000          1.276072            
308.000000          1.280972            
309.000000          1.278784            
310.000000          1.274481            
311.000000          1.276426            
312.000000          1.276004            
313.000000          1.276072            
314.000000          1.280972            
315.000000          1.278784            
316.000000          1.274481            
317.000000          1.276426            
318.000000          1.276004            
319.000000          1.276072            
320.000000          1.280972            
321.000000          1.278784            
322.000000          1.274481            
323.000000          1.276426            
324.000000          1.276004            
325.000000          1.276072            
326.000000          1.280972            
327.000000          1.278784            
328.000000          1.274481            
329.000000          1.276426            
330.000000          1.276004            
331.000000          1.276072            
332.000000          1.280972            
333.000000          1.278784            
334.000000          1.274481            
335.000000          1.276426            
336.000000          1.276004            
337.000000          1.276072            
338.000000          1.280972            
339.000000          1.278784            
340.000000          1.274481            
341.000000          1.276426            
342.000000          1.276004            
343.000000          1.276072            
344.000000          1.280972            
345.000000          1.278784            
346.000000          1.274481            
347.000000          1.276426            
348.000000          1.276004            
349.000000          1.276072            
350.000000          1.280972            
351.000000          1.278784            
352.000000          1.274481            
353.000000          1.276426            
354.000000          1.276004            
355.000000          1.276072            
356.000000          1.280972            
357.000000          1.278784            
358.000000          1.274481            
359.000000          1.276426            
360.000000          1.276004            
361.000000          1.276072            
362.000000          1.280972            
363.000000          1.278784            
364.000000          1.274481            
365.000000          1.276426            
366.000000          1.276004            
367.000000          1.276072            
368.000000          1.280972            
369.000000          1.278784            
370.000000          1.274481            
371.000000          1.276426            
372.000000          1.276004            
373.000000          1.276072            
374.000000          1.280972            
375.000000          1.278784            
376.000000          1.274481            
377.000000          1.276426            
378.000000          1.276004            
379.000000          1.276072            
380.000000          1.280972            
381.000000          1.278784            
382.000000          1.274481            
383.000000          1.276426            
384.000000          1.276004            
385.000000          1.276072            
386.000000          1.280972            
387.000000          1.278784            
388.000000          1.274481            
389.000000          1.276426            
390.000000          1.276004            
391.000000          1.276072            
392.000000          1.280972            
393.000000          1.278784            
394.000000          1.274481            
395.000000          1.276426            
396.000000          1.276004            
397.000000          1.276072            
398.000000          1.280972            
399.000000          1.278784            
400.000000          1.274481            
#Execution time: 31s 31137ms 31137627us 
