Iteration           EnergyValue II      EnergyValue MDCA    
0.000000            3.109876            14.260211           
1.000000            3.044456            14.513154           
2.000000            2.984196            14.766098           
3.000000            2.933768            14.666787           
4.000000            2.890870            14.639094           
5.000000            2.857152            14.847037           
6.000000            2.830113            14.868334           
7.000000            2.800343            16.632437           
8.000000            2.766573            16.522782           
9.000000            2.741418            17.053927           
10.000000           2.718096            17.569316           
11.000000           2.694924            19.797761           
12.000000           2.670845            21.228708           
13.000000           2.650329            23.004013           
14.000000           2.637484            22.890749           
15.000000           2.616848            24.357233           
16.000000           2.597837            23.839098           
17.000000           2.579130            25.184462           
18.000000           2.559305            25.589088           
19.000000           2.545547            26.942021           
20.000000           2.531943            27.222730           
21.000000           2.519068            28.217370           
22.000000           2.505279            28.760431           
23.000000           2.493151            27.744197           
24.000000           2.479602            28.905634           
25.000000           2.466204            29.261590           
26.000000           2.446270            29.293349           
27.000000           2.428656            27.951789           
28.000000           2.417756            30.369913           
29.000000           2.403303            31.681297           
30.000000           2.380518            32.391535           
31.000000           2.353168            35.771491           
32.000000           2.341767            32.733486           
33.000000           2.330599            31.634398           
34.000000           2.321640            31.944650           
35.000000           2.312179            31.849367           
36.000000           2.305948            31.560585           
37.000000           2.300612            31.366183           
38.000000           2.292203            31.733693           
39.000000           2.287565            31.482692           
40.000000           2.284011            32.155258           
41.000000           2.281503            32.882966           
42.000000           2.276323            32.681073           
43.000000           2.272031            31.989066           
44.000000           2.081268            31.088477           
45.000000           2.053469            24.651558           
46.000000           2.036953            24.323071           
47.000000           2.024122            24.965242           
48.000000           2.015925            25.916059           
49.000000           2.009095            26.095394           
50.000000           2.003781            25.366682           
51.000000           1.998761            25.527134           
52.000000           1.992649            27.087637           
53.000000           1.988498            28.640954           
54.000000           1.984568            28.786500           
55.000000           1.981945            30.121902           
56.000000           1.968513            30.155389           
57.000000           1.956341            31.054029           
58.000000           1.945156            30.411466           
59.000000           1.937429            30.754961           
60.000000           1.926977            29.500600           
61.000000           1.917991            28.325691           
62.000000           1.911011            29.029434           
63.000000           1.905801            29.842473           
64.000000           1.901576            29.789596           
65.000000           1.898019            30.563522           
66.000000           1.894705            30.498302           
67.000000           1.873841            29.934937           
68.000000           1.872837            30.464515           
69.000000           1.865091            31.936929           
70.000000           1.852482            30.216749           
71.000000           1.838384            31.454626           
72.000000           1.835077            29.277077           
73.000000           1.832859            29.326629           
74.000000           1.829027            29.126414           
75.000000           1.825214            30.782654           
76.000000           1.822597            31.303920           
77.000000           1.814073            28.329722           
78.000000           1.804925            28.791034           
79.000000           1.801035            29.405732           
80.000000           1.799063            28.515676           
81.000000           1.796819            29.538733           
82.000000           1.795591            28.857641           
83.000000           1.794524            29.099664           
84.000000           1.792997            29.637114           
85.000000           1.791884            29.223677           
86.000000           1.791334            29.849069           
87.000000           1.790855            29.969123           
88.000000           1.790508            29.562286           
88.000000           1.790508            29.562286           
89.000000           1.773004            30.240992           
90.000000           1.772827            30.225057           
90.000000           1.772827            30.225057           
91.000000           1.759174            32.080554           
92.000000           1.755766            30.890442           
93.000000           1.755528            30.498026           
93.000000           1.755528            30.498026           
94.000000           1.740558            31.181172           
95.000000           1.739675            30.392188           
95.000000           1.739675            30.392188           
96.000000           1.725827            31.102301           
96.000000           1.725827            31.102301           
97.000000           1.712599            31.202099           
98.000000           1.712509            31.594515           
98.000000           1.712509            31.594515           
99.000000           1.700047            31.038399           
99.000000           1.700047            31.038399           
100.000000          1.689753            29.580315           
101.000000          1.689666            29.210561           
101.000000          1.689666            29.210561           
102.000000          1.680271            29.735196           
103.000000          1.680083            30.104950           
103.000000          1.680083            30.104950           
104.000000          1.671669            28.776678           
105.000000          1.671344            28.853904           
105.000000          1.671344            28.853904           
106.000000          1.661269            29.437843           
106.000000          1.661269            29.437843           
107.000000          1.653514            28.865830           
107.000000          1.653514            28.865830           
108.000000          1.647716            28.744085           
108.000000          1.647716            28.744085           
109.000000          1.642757            28.316850           
110.000000          1.642215            29.099994           
111.000000          1.641040            28.893679           
112.000000          1.640986            27.836265           
113.000000          1.640627            28.136942           
113.000000          1.640627            28.136942           
114.000000          1.635744            28.201889           
114.000000          1.635744            28.201889           
115.000000          1.631822            28.443843           
116.000000          1.631626            30.133804           
117.000000          1.631562            30.319773           
117.000000          1.631562            30.319773           
118.000000          1.626947            30.163745           
119.000000          1.626553            29.977776           
119.000000          1.626553            29.977776           
120.000000          1.623522            30.749526           
121.000000          1.620704            31.369749           
122.000000          1.619384            32.589319           
122.000000          1.619384            32.589319           
123.000000          1.616063            32.262618           
123.000000          1.616063            32.262618           
124.000000          1.613500            32.207297           
125.000000          1.613241            31.603185           
126.000000          1.613152            32.270818           
126.000000          1.613152            32.270818           
127.000000          1.611039            34.350302           
128.000000          1.609592            35.978016           
129.000000          1.609573            35.517933           
129.000000          1.609573            35.517933           
130.000000          1.606784            34.968214           
131.000000          1.600822            36.606019           
131.000000          1.600822            36.606019           
132.000000          1.596456            35.718500           
132.000000          1.596456            35.718500           
133.000000          1.592973            36.139366           
133.000000          1.592973            36.139366           
134.000000          1.591665            35.875484           
134.000000          1.591665            35.875484           
135.000000          1.590680            37.224051           
135.000000          1.590680            37.224051           
136.000000          1.590083            36.795512           
136.000000          1.590083            36.795512           
137.000000          1.589457            36.735493           
137.000000          1.589457            36.735493           
138.000000          1.588688            36.499301           
139.000000          1.588676            37.821146           
139.000000          1.588676            37.821146           
140.000000          1.587545            37.198053           
140.000000          1.587545            37.198053           
141.000000          1.585727            36.630186           
141.000000          1.585727            36.630186           
142.000000          1.584365            36.612374           
142.000000          1.584365            36.612374           
143.000000          1.583169            36.356136           
143.000000          1.583169            36.356136           
144.000000          1.583042            37.173187           
144.000000          1.583042            37.173187           
145.000000          1.582571            36.216348           
145.000000          1.582571            36.216348           
146.000000          1.580984            36.173381           
146.000000          1.580984            36.173381           
147.000000          1.580685            36.518116           
147.000000          1.580685            36.518116           
147.000000          1.580685            36.518116           
148.000000          1.575056            37.294279           
148.000000          1.575056            37.294279           
148.000000          1.575056            37.294279           
149.000000          1.569867            37.389643           
149.000000          1.569867            37.389643           
149.000000          1.569867            37.389643           
150.000000          1.564845            36.950167           
150.000000          1.564845            36.950167           
151.000000          1.563282            36.735380           
151.000000          1.563282            36.735380           
151.000000          1.563282            36.735380           
152.000000          1.557814            37.145819           
152.000000          1.557814            37.145819           
152.000000          1.557814            37.145819           
153.000000          1.554008            36.445726           
153.000000          1.554008            36.445726           
154.000000          1.552574            37.407923           
154.000000          1.552574            37.407923           
154.000000          1.552574            37.407923           
155.000000          1.548886            37.526450           
155.000000          1.548886            37.526450           
155.000000          1.548886            37.526450           
156.000000          1.546156            39.317956           
156.000000          1.546156            39.317956           
156.000000          1.546156            39.317956           
157.000000          1.543330            37.699582           
158.000000          1.543257            36.538027           
159.000000          1.542289            36.418043           
159.000000          1.542289            36.418043           
160.000000          1.542006            36.354529           
160.000000          1.542006            36.354529           
161.000000          1.541808            35.977290           
161.000000          1.541808            35.977290           
162.000000          1.541688            37.416785           
162.000000          1.541688            37.416785           
162.000000          1.541688            37.416785           
163.000000          1.539965            38.715434           
163.000000          1.539965            38.715434           
164.000000          1.539799            38.377152           
164.000000          1.539799            38.377152           
164.000000          1.539799            38.377152           
165.000000          1.538768            38.354297           
165.000000          1.538768            38.354297           
166.000000          1.537784            38.340275           
166.000000          1.537784            38.340275           
166.000000          1.537784            38.340275           
167.000000          1.536790            39.867501           
167.000000          1.536790            39.867501           
167.000000          1.536790            39.867501           
168.000000          1.536047            39.866040           
168.000000          1.536047            39.866040           
168.000000          1.536047            39.866040           
169.000000          1.535243            39.031608           
169.000000          1.535243            39.031608           
169.000000          1.535243            39.031608           
170.000000          1.534614            39.501314           
170.000000          1.534614            39.501314           
171.000000          1.533777            39.038207           
171.000000          1.533777            39.038207           
171.000000          1.533777            39.038207           
172.000000          1.533191            39.363338           
172.000000          1.533191            39.363338           
173.000000          1.531890            39.954214           
173.000000          1.531890            39.954214           
173.000000          1.531890            39.954214           
174.000000          1.531683            40.081389           
174.000000          1.531683            40.081389           
175.000000          1.531610            38.977327           
175.000000          1.531610            38.977327           
176.000000          1.531567            38.979830           
176.000000          1.531567            38.979830           
176.000000          1.531567            38.979830           
177.000000          1.531506            37.348970           
178.000000          1.531095            37.078505           
179.000000          1.530290            36.981299           
179.000000          1.530290            36.981299           
179.000000          1.530290            36.981299           
180.000000          1.529419            36.924569           
180.000000          1.529419            36.924569           
181.000000          1.528930            36.985637           
181.000000          1.528930            36.985637           
181.000000          1.528930            36.985637           
182.000000          1.528238            38.101119           
182.000000          1.528238            38.101119           
182.000000          1.528238            38.101119           
183.000000          1.528000            38.172590           
183.000000          1.528000            38.172590           
183.000000          1.528000            38.172590           
184.000000          1.527738            38.054245           
184.000000          1.527738            38.054245           
184.000000          1.527738            38.054245           
185.000000          1.526717            39.124819           
185.000000          1.526717            39.124819           
185.000000          1.526717            39.124819           
185.000000          1.526717            39.124819           
186.000000          1.523320            38.766953           
186.000000          1.523320            38.766953           
186.000000          1.523320            38.766953           
186.000000          1.523320            38.766953           
187.000000          1.522832            37.892420           
187.000000          1.522832            37.892420           
187.000000          1.522832            37.892420           
188.000000          1.522729            38.531059           
188.000000          1.522729            38.531059           
188.000000          1.522729            38.531059           
189.000000          1.522587            37.885451           
189.000000          1.522587            37.885451           
189.000000          1.522587            37.885451           
189.000000          1.522587            37.885451           
190.000000          1.521769            38.182466           
190.000000          1.521769            38.182466           
190.000000          1.521769            38.182466           
190.000000          1.521769            38.182466           
190.000000          1.521769            38.182466           
190.000000          1.521769            38.182466           
190.000000          1.521769            38.182466           
190.000000          1.521769            38.182466           


#1109s 1109847ms 1109847995us 
Initial digital shape size: 7481 pixels.