#Image: bean
#
#Iteration           	Opt. Energy         	Elastica MDCA       	Perimeter           	Unlabeled           	Area                	Perimeter^2/Area    	Elastica II         	
0                   	-1.000000           	0.954194            	188.046488          	-160684704.000000   	1570.625000         	22.514274           	0.992758            		
1                   	-129.493519         	3.371922            	187.513165          	0.000000            	1571.687500         	22.371615           	0.979871            		
2                   	-139.484907         	21.383338           	187.422234          	0.000000            	1572.312500         	22.341038           	1.009377            		
3                   	-142.396304         	8.967698            	186.500534          	0.000000            	1574.125000         	22.096371           	0.965590            		
4                   	-142.800204         	2.699492            	185.950795          	0.000000            	1575.125000         	21.952352           	0.962258            		
5                   	-142.146393         	7.464898            	185.345645          	0.000000            	1575.000000         	21.811434           	0.957980            		
6                   	-145.168363         	3.398182            	184.866491          	0.000000            	1577.437500         	21.665276           	0.949906            		
7                   	-151.465116         	1.307395            	184.118668          	0.000000            	1578.562500         	21.475034           	0.944729            		
8                   	-138.009895         	4.431950            	183.820897          	0.000000            	1580.437500         	21.380233           	0.938471            		
9                   	-148.184182         	1.113834            	183.299598          	0.000000            	1582.875000         	21.226403           	0.930861            		
10                  	-141.540281         	2.757500            	182.824827          	0.000000            	1582.375000         	21.123259           	0.922466            		
11                  	-136.534455         	5.644962            	182.410273          	0.000000            	1583.625000         	21.010976           	0.930692            		
12                  	-144.099770         	1.910238            	181.676977          	0.000000            	1585.000000         	20.824305           	0.912003            		
13                  	-136.439996         	1.641590            	181.373276          	0.000000            	1586.562500         	20.734301           	0.919477            		
14                  	-133.682399         	7.275010            	180.963589          	0.000000            	1587.687500         	20.626112           	0.914778            		
15                  	-135.195200         	1.975901            	180.358008          	0.000000            	1590.000000         	20.458498           	0.902176            		
16                  	-128.842642         	2.797170            	179.893729          	0.000000            	1591.875000         	20.329331           	0.895831            		
17                  	-132.236549         	1.119153            	179.530633          	0.000000            	1594.937500         	20.208471           	0.905403            		
18                  	-127.872646         	4.614748            	179.150679          	0.000000            	1595.937500         	20.110415           	0.890252            		
19                  	-130.132267         	1.090545            	178.737298          	0.000000            	1600.562500         	19.959871           	0.894519            		
20                  	-126.286068         	2.247653            	178.233718          	0.000000            	1601.750000         	19.832844           	0.890275            		
21                  	-122.946957         	10.375967           	178.027117          	0.000000            	1603.750000         	19.762216           	0.905296            		
22                  	-125.921774         	2.697587            	177.385917          	0.000000            	1606.312500         	19.588818           	0.880154            		
23                  	-124.764753         	1.773814            	177.013749          	0.000000            	1609.937500         	19.462785           	0.880466            		
24                  	-126.569728         	5.476495            	176.542847          	0.000000            	1611.250000         	19.343601           	0.884087            		
25                  	-132.821176         	3.215089            	176.293325          	0.000000            	1614.375000         	19.251621           	0.884781            		
26                  	-127.739929         	2.297283            	175.836764          	0.000000            	1615.312500         	19.140920           	0.876335            		
27                  	-128.128232         	4.389100            	175.361669          	0.000000            	1618.062500         	19.005270           	0.882785            		
28                  	-124.744901         	3.286252            	175.147814          	0.000000            	1618.625000         	18.952356           	0.877470            		
29                  	-139.748077         	2.338547            	174.706649          	0.000000            	1619.750000         	18.843904           	0.874621            		
30                  	-123.283462         	4.160337            	174.394074          	0.000000            	1620.312500         	18.770017           	0.866557            		
31                  	-137.284105         	2.134853            	173.952148          	0.000000            	1622.437500         	18.650549           	0.864665            		
32                  	-127.709555         	2.959562            	173.576607          	0.000000            	1622.687500         	18.567246           	0.857411            		
33                  	-129.098911         	3.738518            	173.336488          	0.000000            	1624.125000         	18.499523           	0.857758            		
34                  	-123.922792         	2.485336            	172.674297          	0.000000            	1623.625000         	18.364101           	0.836133            		
35                  	-124.675959         	1.272156            	172.398422          	0.000000            	1623.937500         	18.301946           	0.842312            		
36                  	-127.650238         	11.875797           	172.131873          	0.000000            	1624.937500         	18.234167           	0.838336            		
37                  	-131.252222         	1.178000            	171.659648          	0.000000            	1626.312500         	18.118925           	0.824006            		
38                  	-126.371658         	3.183591            	171.422763          	0.000000            	1625.875000         	18.073815           	0.822507            		
39                  	-127.364474         	1.234568            	171.064676          	0.000000            	1627.375000         	17.981795           	0.817523            		
40                  	-124.282883         	1.899581            	170.590054          	0.000000            	1627.062500         	17.885586           	0.802042            		
41                  	-113.205306         	1.514202            	170.348406          	0.000000            	1628.062500         	17.823996           	0.802844            		
42                  	-129.768247         	2.959601            	169.984265          	0.000000            	1628.125000         	17.747194           	0.790687            		
43                  	-126.927735         	4.743829            	169.790246          	0.000000            	1628.875000         	17.698551           	0.792695            		
44                  	-124.707274         	2.772553            	169.134299          	0.000000            	1628.500000         	17.566111           	0.775930            		
45                  	-126.047953         	1.108434            	168.871994          	0.000000            	1629.937500         	17.496223           	0.773565            		
46                  	-119.326250         	1.901366            	168.589692          	0.000000            	1630.562500         	17.431092           	0.763560            		
47                  	-126.537354         	1.681746            	168.427942          	0.000000            	1632.500000         	17.377012           	0.773925            		
48                  	-129.974585         	2.638300            	168.239568          	0.000000            	1633.000000         	17.332855           	0.761892            		
49                  	-124.307500         	1.705898            	167.802016          	0.000000            	1634.500000         	17.226991           	0.764165            		
50                  	-123.147118         	2.945062            	167.473902          	0.000000            	1635.937500         	17.144608           	0.746109            		
51                  	-112.448636         	1.213522            	167.279965          	0.000000            	1637.937500         	17.084038           	0.755845            		
52                  	-122.750621         	2.762731            	167.072273          	0.000000            	1639.250000         	17.027997           	0.745644            		
53                  	-103.970602         	1.530664            	166.851605          	0.000000            	1641.625000         	16.958476           	0.753879            		
54                  	-111.769672         	1.270616            	166.361696          	0.000000            	1642.750000         	16.847490           	0.734562            		
55                  	-115.986924         	1.210181            	166.028883          	0.000000            	1645.562500         	16.751470           	0.733440            		
56                  	-115.028024         	1.787055            	165.754979          	0.000000            	1646.437500         	16.687371           	0.726282            		
57                  	-112.619532         	5.840449            	165.304049          	0.000000            	1647.250000         	16.588513           	0.722098            		
58                  	-96.182656          	2.097484            	165.064585          	0.000000            	1651.250000         	16.500419           	0.722833            		
59                  	-110.227889         	1.895403            	164.678857          	0.000000            	1653.375000         	16.402284           	0.706960            		
60                  	-112.991373         	11.086342           	164.915255          	0.000000            	1656.812500         	16.415280           	0.716240            		
61                  	-107.969115         	2.165945            	164.233779          	0.000000            	1657.937500         	16.268849           	0.707856            		
62                  	-106.804448         	4.288613            	163.970263          	0.000000            	1660.062500         	16.195925           	0.703223            		
63                  	-117.914362         	5.835764            	163.576760          	0.000000            	1661.000000         	16.109185           	0.694835            		
64                  	-102.060990         	3.003813            	163.417634          	0.000000            	1662.875000         	16.059730           	0.695515            		
65                  	-113.946959         	0.962906            	162.822937          	0.000000            	1663.000000         	15.941857           	0.669987            		
66                  	-116.702799         	7.077425            	162.842712          	0.000000            	1664.562500         	15.930762           	0.675969            		
67                  	-110.626198         	0.987364            	162.455371          	0.000000            	1665.062500         	15.850304           	0.657730            		
68                  	-112.877086         	0.930309            	162.231843          	0.000000            	1664.937500         	15.807903           	0.643417            		
69                  	-121.506617         	1.196732            	162.166924          	0.000000            	1666.875000         	15.776895           	0.638173            		
70                  	-133.356481         	0.936092            	161.997560          	0.000000            	1667.625000         	15.736877           	0.627243            		
71                  	-129.375635         	1.627662            	161.732974          	0.000000            	1667.125000         	15.690218           	0.614399            		
72                  	-125.234255         	1.510097            	161.651129          	0.000000            	1667.562500         	15.670230           	0.608447            		
73                  	-127.611009         	2.365523            	161.569607          	0.000000            	1667.187500         	15.657950           	0.597761            		
74                  	-125.603688         	1.188571            	161.391105          	0.000000            	1668.250000         	15.613421           	0.603066            		
75                  	-126.213846         	2.462986            	161.226556          	0.000000            	1667.625000         	15.587439           	0.597257            		
76                  	-123.883425         	5.300229            	161.213003          	0.000000            	1668.687500         	15.574895           	0.601310            		
77                  	-131.441102         	1.645679            	160.779529          	0.000000            	1668.562500         	15.492412           	0.582698            		
78                  	-124.428421         	1.759862            	160.742479          	0.000000            	1669.625000         	15.475418           	0.584263            		
79                  	-125.512116         	6.092844            	160.633169          	0.000000            	1669.687500         	15.453799           	0.585163            		
80                  	-124.781011         	0.707187            	160.296832          	0.000000            	1670.812500         	15.378790           	0.580263            		
81                  	-129.631431         	1.945724            	160.118186          	0.000000            	1670.125000         	15.350847           	0.580746            		
82                  	-131.344025         	1.319541            	160.097900          	0.000000            	1672.750000         	15.322874           	0.577150            		
83                  	-139.670275         	2.497722            	160.036864          	0.000000            	1673.937500         	15.300331           	0.575807            		
84                  	-135.738127         	0.731284            	159.856301          	0.000000            	1675.437500         	15.252158           	0.568785            		
85                  	-131.544921         	2.397297            	159.722983          	0.000000            	1674.750000         	15.232979           	0.565633            		
86                  	-134.901474         	1.213999            	159.557491          	0.000000            	1676.625000         	15.184429           	0.559026            		
87                  	-133.698512         	1.950617            	159.342404          	0.000000            	1675.562500         	15.153121           	0.559547            		
88                  	-131.749954         	1.670107            	159.331557          	0.000000            	1677.000000         	15.138071           	0.555539            		
89                  	-135.259843         	3.483187            	159.259080          	0.000000            	1676.875000         	15.125429           	0.561277            		
90                  	-138.154737         	1.160353            	159.067856          	0.000000            	1678.437500         	15.075082           	0.553712            		
91                  	-134.983957         	1.970162            	158.958682          	0.000000            	1678.687500         	15.052154           	0.553817            		
92                  	-133.508777         	4.834138            	158.960369          	0.000000            	1680.250000         	15.038476           	0.560986            		
93                  	-134.564384         	5.017395            	158.813568          	0.000000            	1681.125000         	15.002899           	0.551828            		
94                  	-133.545222         	2.522014            	158.735763          	0.000000            	1682.437500         	14.976510           	0.551436            		
95                  	-130.259220         	5.155756            	158.635304          	0.000000            	1683.187500         	14.950895           	0.549977            		
96                  	-132.966327         	7.168681            	158.563706          	0.000000            	1685.500000         	14.916908           	0.549728            		
97                  	-132.712905         	2.775075            	158.439633          	0.000000            	1685.812500         	14.890812           	0.533534            		
98                  	-126.241673         	5.979027            	158.281810          	0.000000            	1686.937500         	14.851251           	0.538443            		
99                  	-129.501687         	2.356412            	157.941363          	0.000000            	1687.375000         	14.783598           	0.522861            		
100                 	-124.414500         	1.926581            	157.850195          	0.000000            	1689.500000         	14.747963           	0.526778            		
101                 	-128.630614         	2.507449            	157.861973          	0.000000            	1691.187500         	14.735446           	0.522982            		
102                 	-131.799257         	2.005409            	157.752953          	0.000000            	1693.812500         	14.692296           	0.524091            		
103                 	-127.430420         	2.866421            	157.630881          	0.000000            	1694.125000         	14.666860           	0.520189            		
104                 	-129.463974         	6.685207            	157.691524          	0.000000            	1696.625000         	14.656519           	0.523933            		
105                 	-125.746596         	3.327626            	157.373195          	0.000000            	1696.562500         	14.597943           	0.516643            		
106                 	-126.103252         	4.970203            	157.486589          	0.000000            	1699.625000         	14.592646           	0.518817            		
107                 	-129.051872         	2.849421            	157.223436          	0.000000            	1701.125000         	14.531095           	0.509854            		
108                 	-125.775469         	1.692382            	157.237661          	0.000000            	1704.062500         	14.508671           	0.505471            		
109                 	-123.664279         	8.067133            	157.210810          	0.000000            	1704.812500         	14.497335           	0.501874            		
110                 	-128.658918         	1.271674            	156.901638          	0.000000            	1707.750000         	14.415532           	0.486431            		
111                 	-122.176557         	2.705459            	156.662940          	0.000000            	1708.000000         	14.369600           	0.476037            		
112                 	-122.541391         	5.572381            	156.671234          	0.000000            	1710.937500         	14.346448           	0.480905            		
113                 	-130.515975         	1.947395            	156.436108          	0.000000            	1712.937500         	14.286719           	0.468129            		
114                 	-125.091206         	0.948505            	156.408067          	0.000000            	1715.500000         	14.260264           	0.468407            		
115                 	-120.592557         	5.957727            	156.440711          	0.000000            	1717.687500         	14.248049           	0.463087            		
116                 	-130.402579         	1.448361            	156.341455          	0.000000            	1721.812500         	14.195884           	0.458632            		
117                 	-121.059002         	3.584492            	156.211827          	0.000000            	1723.375000         	14.159504           	0.448372            		
118                 	-119.753295         	2.594939            	156.272394          	0.000000            	1727.250000         	14.138695           	0.450757            		
119                 	-124.906949         	1.700688            	156.024426          	0.000000            	1728.687500         	14.082141           	0.437483            		
120                 	-121.640000         	0.558695            	155.997629          	0.000000            	1731.812500         	14.051902           	0.439861            		
121                 	-129.387235         	6.546528            	156.107164          	0.000000            	1733.875000         	14.054904           	0.437490            		
122                 	-126.264427         	0.968997            	155.935387          	0.000000            	1736.750000         	14.000774           	0.436219            		
123                 	-123.033165         	1.525064            	155.896021          	0.000000            	1737.687500         	13.986157           	0.432500            		
124                 	-127.406192         	0.591536            	155.942021          	0.000000            	1740.875000         	13.968788           	0.437087            		
125                 	-127.791847         	1.318948            	155.851819          	0.000000            	1741.125000         	13.950629           	0.430748            		
126                 	-124.742298         	1.281434            	155.788762          	0.000000            	1742.312500         	13.929842           	0.434341            		
127                 	-129.957346         	1.772451            	155.853991          	0.000000            	1742.812500         	13.937510           	0.429731            		
128                 	-132.464020         	0.590665            	155.749641          	0.000000            	1744.875000         	13.902400           	0.431918            		
129                 	-131.434435         	4.413785            	155.790118          	0.000000            	1744.625000         	13.911620           	0.428407            		
130                 	-136.244528         	0.545191            	155.663399          	0.000000            	1745.812500         	13.879551           	0.429153            		
131                 	-133.921849         	1.769150            	155.501723          	0.000000            	1744.187500         	13.863639           	0.427436            		
132                 	-134.488765         	5.954731            	155.738467          	0.000000            	1745.375000         	13.896423           	0.436315            		
133                 	-145.096058         	2.313360            	155.510158          	0.000000            	1744.437500         	13.863156           	0.432776            		
134                 	-139.198173         	1.413457            	155.540390          	0.000000            	1745.000000         	13.864076           	0.432073            		
135                 	-140.021429         	2.427406            	155.586171          	0.000000            	1744.437500         	13.876712           	0.434323            		
136                 	-148.980481         	0.583016            	155.603040          	0.000000            	1745.750000         	13.869286           	0.432734            		
137                 	-140.427363         	3.122102            	155.533821          	0.000000            	1744.312500         	13.868369           	0.432747            		
138                 	-143.820481         	0.705955            	155.597556          	0.000000            	1745.875000         	13.867315           	0.433765            		
139                 	-150.031635         	2.301005            	155.529408          	0.000000            	1745.062500         	13.861622           	0.432957            		
140                 	-144.231058         	1.413470            	155.608911          	0.000000            	1745.750000         	13.870333           	0.432075            		
141                 	-144.568242         	2.427470            	155.586953          	0.000000            	1745.187500         	13.870888           	0.434062            		
142                 	-153.535865         	0.583041            	155.540390          	0.000000            	1746.500000         	13.852169           	0.432221            		
143                 	-144.974176         	3.122067            	155.523966          	0.000000            	1745.062500         	13.860652           	0.432124            		
144                 	-148.375865         	0.705951            	155.646929          	0.000000            	1746.625000         	13.870159           	0.432898            		
145                 	-154.587019         	2.300966            	155.542269          	0.000000            	1745.812500         	13.857959           	0.431640            		
146                 	-148.786442         	1.413410            	155.602549          	0.000000            	1746.500000         	13.863243           	0.430386            		
147                 	-149.115055         	2.427408            	155.577754          	0.000000            	1745.937500         	13.863290           	0.432106            		
148                 	-158.091250         	0.583030            	155.546171          	0.000000            	1747.250000         	13.847252           	0.430247            		
149                 	-149.755278         	3.122106            	155.505823          	0.000000            	1745.812500         	13.851465           	0.430938            		
150                 	-154.354915         	0.680918            	155.647150          	0.000000            	1747.375000         	13.864245           	0.433705            		
151                 	-165.995733         	2.279432            	155.530268          	0.000000            	1746.437500         	13.850862           	0.432986            		
152                 	-159.459530         	1.388427            	155.544638          	0.000000            	1747.000000         	13.848961           	0.432106            		
153                 	-159.018590         	2.402411            	155.550554          	0.000000            	1746.312500         	13.855467           	0.434232            		
154                 	-167.596724         	0.558033            	155.558363          	0.000000            	1747.500000         	13.847442           	0.432535            		
155                 	-157.859610         	3.096983            	155.499241          	0.000000            	1745.937500         	13.849301           	0.432645            		
156                 	-160.616724         	0.680938            	155.603093          	0.000000            	1747.375000         	13.856397           	0.433754            		
157                 	-165.995733         	2.275971            	155.573901          	0.000000            	1746.437500         	13.858634           	0.432976            		
158                 	-159.459530         	1.388446            	155.608911          	0.000000            	1747.000000         	13.860408           	0.432088            		
159                 	-159.018590         	2.402453            	155.574998          	0.000000            	1746.312500         	13.859822           	0.434234            		
160                 	-167.596724         	0.558023            	155.571407          	0.000000            	1747.500000         	13.849764           	0.432811            		
161                 	-157.859610         	3.097055            	155.681293          	0.000000            	1745.937500         	13.881748           	0.432630            		
162                 	-160.616724         	0.680936            	155.607506          	0.000000            	1747.375000         	13.857184           	0.433785            		
163                 	-165.995733         	2.276017            	155.529408          	0.000000            	1746.437500         	13.850709           	0.432974            		
164                 	-159.459530         	1.388448            	155.571407          	0.000000            	1747.000000         	13.853728           	0.432166            		
165                 	-159.018590         	2.402383            	155.618631          	0.000000            	1746.312500         	13.867597           	0.434231            		
166                 	-167.596724         	0.557490            	155.607447          	0.000000            	1747.500000         	13.856182           	0.432515            		
167                 	-157.859610         	3.097028            	155.546607          	0.000000            	1745.937500         	13.857739           	0.432613            		
168                 	-160.616724         	0.680938            	155.648840          	0.000000            	1747.375000         	13.864546           	0.433761            		
169                 	-165.995733         	2.279240            	155.503568          	0.000000            	1746.437500         	13.846107           	0.432975            		
170                 	-159.459530         	1.388418            	155.534778          	0.000000            	1747.000000         	13.847205           	0.432103            		
171                 	-159.018590         	2.402327            	155.555820          	0.000000            	1746.312500         	13.856405           	0.434238            		
172                 	-167.596724         	0.558037            	155.672582          	0.000000            	1747.500000         	13.867784           	0.432685            		
173                 	-157.859610         	3.097053            	155.517580          	0.000000            	1745.937500         	13.852568           	0.432619            		
174                 	-160.616724         	0.680921            	155.616137          	0.000000            	1747.375000         	13.858721           	0.433738            		
175                 	-165.995733         	2.275909            	155.574538          	0.000000            	1746.437500         	13.858748           	0.432902            		
176                 	-159.459530         	1.388414            	155.602420          	0.000000            	1747.000000         	13.859252           	0.432089            		
177                 	-159.018590         	2.402403            	155.560914          	0.000000            	1746.312500         	13.857312           	0.434240            		
178                 	-167.596724         	0.558042            	155.558363          	0.000000            	1747.500000         	13.847442           	0.432432            		
179                 	-157.859610         	3.097029            	155.531108          	0.000000            	1745.937500         	13.854978           	0.432591            		
180                 	-160.616724         	0.679972            	155.616137          	0.000000            	1747.375000         	13.858721           	0.433744            		
181                 	-165.995733         	2.275953            	155.573349          	0.000000            	1746.437500         	13.858536           	0.432970            		
182                 	-159.459530         	1.388428            	155.537261          	0.000000            	1747.000000         	13.847647           	0.432104            		
183                 	-159.018590         	2.402390            	155.575838          	0.000000            	1746.312500         	13.859971           	0.434231            		
184                 	-167.596724         	0.558038            	155.562366          	0.000000            	1747.500000         	13.848154           	0.432504            		
185                 	-157.859610         	3.097026            	155.511089          	0.000000            	1745.937500         	13.851412           	0.432627            		
186                 	-160.616724         	0.681061            	155.607096          	0.000000            	1747.375000         	13.857110           	0.433747            		
187                 	-165.995733         	2.275951            	155.505823          	0.000000            	1746.437500         	13.846508           	0.432967            		
188                 	-159.459530         	1.388385            	155.563023          	0.000000            	1747.000000         	13.852235           	0.432195            		
189                 	-159.018590         	2.402410            	155.598365          	0.000000            	1746.312500         	13.863986           	0.434198            		
190                 	-167.596724         	0.558044            	155.584452          	0.000000            	1747.500000         	13.852087           	0.432499            		
191                 	-157.859610         	3.097052            	155.533821          	0.000000            	1745.937500         	13.855461           	0.432488            		
192                 	-160.616724         	0.680927            	155.651130          	0.000000            	1747.375000         	13.864954           	0.433715            		
193                 	-165.995733         	2.280346            	155.499241          	0.000000            	1746.437500         	13.845336           	0.432970            		
194                 	-159.459530         	1.388461            	155.562776          	0.000000            	1747.000000         	13.852191           	0.432107            		
195                 	-159.018590         	2.402413            	155.619551          	0.000000            	1746.312500         	13.867761           	0.434246            		
196                 	-167.596724         	0.558025            	155.567884          	0.000000            	1747.500000         	13.849137           	0.432498            		
197                 	-157.859610         	3.101320            	155.511089          	0.000000            	1745.937500         	13.851412           	0.432613            		
198                 	-160.616724         	0.680929            	155.717892          	0.000000            	1747.375000         	13.876851           	0.433858            		
199                 	-165.995733         	2.275949            	155.624053          	0.000000            	1746.437500         	13.867571           	0.432963            		
200                 	-159.459530         	1.388412            	155.565338          	0.000000            	1747.000000         	13.852647           	0.432102            		
201                 	-159.018590         	2.405977            	155.630500          	0.000000            	1746.312500         	13.869713           	0.434208            		
202                 	-167.596724         	0.558132            	155.562366          	0.000000            	1747.500000         	13.848154           	0.432500            		
203                 	-157.859610         	3.097039            	155.536933          	0.000000            	1745.937500         	13.856016           	0.432605            		
204                 	-160.616724         	0.680459            	155.590902          	0.000000            	1747.375000         	13.854226           	0.433771            		
205                 	-165.995733         	2.275882            	155.533821          	0.000000            	1746.437500         	13.851495           	0.432969            		
206                 	-159.459530         	1.388471            	155.576067          	0.000000            	1747.000000         	13.854558           	0.432103            		
207                 	-159.018590         	2.402387            	155.550554          	0.000000            	1746.312500         	13.855467           	0.434227            		
208                 	-167.596724         	0.558183            	155.602303          	0.000000            	1747.500000         	13.855266           	0.432506            		
209                 	-157.859610         	3.097053            	155.542452          	0.000000            	1745.937500         	13.856999           	0.432648            		
210                 	-160.616724         	0.680364            	155.703216          	0.000000            	1747.375000         	13.874235           	0.433817            		
211                 	-165.995733         	2.275952            	155.576046          	0.000000            	1746.437500         	13.859016           	0.433228            		
212                 	-159.459530         	1.388412            	155.563023          	0.000000            	1747.000000         	13.852235           	0.432079            		
213                 	-159.018590         	2.402323            	155.587183          	0.000000            	1746.312500         	13.861993           	0.434229            		
214                 	-167.596724         	0.558024            	155.563023          	0.000000            	1747.500000         	13.848271           	0.432513            		
215                 	-157.859610         	3.097033            	155.531926          	0.000000            	1745.937500         	13.855124           	0.432637            		
216                 	-160.616724         	0.680863            	155.616137          	0.000000            	1747.375000         	13.858721           	0.433753            		
217                 	-165.995733         	2.275971            	155.511089          	0.000000            	1746.437500         	13.847446           	0.433103            		
218                 	-159.459530         	1.388427            	155.571407          	0.000000            	1747.000000         	13.853728           	0.432108            		
219                 	-159.018590         	2.402480            	155.620286          	0.000000            	1746.312500         	13.867892           	0.434231            		
220                 	-167.596724         	0.558028            	155.534778          	0.000000            	1747.500000         	13.843243           	0.432564            		
221                 	-157.859610         	3.096983            	155.533821          	0.000000            	1745.937500         	13.855461           	0.432603            		
222                 	-160.616724         	0.680045            	155.603093          	0.000000            	1747.375000         	13.856397           	0.433726            		
223                 	-165.995733         	2.275973            	155.575556          	0.000000            	1746.437500         	13.858929           	0.432979            		
224                 	-159.459530         	1.388414            	155.716993          	0.000000            	1747.000000         	13.879669           	0.432011            		
225                 	-159.018590         	2.402446            	155.587183          	0.000000            	1746.312500         	13.861993           	0.434488            		
226                 	-167.596724         	0.558008            	155.614662          	0.000000            	1747.500000         	13.857467           	0.432515            		
227                 	-157.859610         	3.097052            	155.505823          	0.000000            	1745.937500         	13.850473           	0.432625            		
228                 	-160.616724         	0.680899            	155.647770          	0.000000            	1747.375000         	13.864356           	0.433790            		
229                 	-165.995733         	2.275949            	155.575556          	0.000000            	1746.437500         	13.858929           	0.432979            		
230                 	-159.459530         	1.388431            	155.546171          	0.000000            	1747.000000         	13.849234           	0.432085            		
231                 	-159.018590         	2.402393            	155.577273          	0.000000            	1746.312500         	13.860227           	0.434230            		
232                 	-167.596724         	0.558019            	155.572772          	0.000000            	1747.500000         	13.850007           	0.432504            		
233                 	-157.859610         	3.097053            	155.503568          	0.000000            	1745.937500         	13.850072           	0.432591            		
234                 	-160.616724         	0.680929            	155.646833          	0.000000            	1747.375000         	13.864189           	0.433785            		
235                 	-165.995733         	2.275965            	155.542452          	0.000000            	1746.437500         	13.853032           	0.432979            		
236                 	-159.459530         	1.388402            	155.544638          	0.000000            	1747.000000         	13.848961           	0.432117            		
237                 	-159.018590         	2.402452            	155.581664          	0.000000            	1746.312500         	13.861009           	0.434260            		
238                 	-167.596724         	0.558014            	155.562776          	0.000000            	1747.500000         	13.848227           	0.432477            		
239                 	-157.859610         	3.097053            	155.637098          	0.000000            	1745.937500         	13.873868           	0.432619            		
240                 	-160.616724         	0.680935            	155.600828          	0.000000            	1747.375000         	13.855994           	0.433739            		
241                 	-165.995733         	2.275953            	155.546607          	0.000000            	1746.437500         	13.853772           	0.432977            		
242                 	-159.459530         	1.388427            	155.560062          	0.000000            	1747.000000         	13.851708           	0.432079            		
243                 	-159.018590         	2.402410            	155.577273          	0.000000            	1746.312500         	13.860227           	0.434227            		
244                 	-167.596724         	0.558028            	155.561978          	0.000000            	1747.500000         	13.848085           	0.432595            		
245                 	-157.859610         	3.097052            	155.563647          	0.000000            	1745.937500         	13.860776           	0.432625            		
246                 	-160.616724         	0.680915            	155.607753          	0.000000            	1747.375000         	13.857227           	0.433761            		
247                 	-165.995733         	2.275956            	155.505823          	0.000000            	1746.437500         	13.846508           	0.432985            		
248                 	-159.459530         	1.388394            	155.562776          	0.000000            	1747.000000         	13.852191           	0.432100            		
249                 	-159.018590         	2.402341            	155.619885          	0.000000            	1746.312500         	13.867821           	0.434238            		
250                 	-167.596724         	0.558040            	155.601862          	0.000000            	1747.500000         	13.855187           	0.432505            		
251                 	-157.859610         	3.097052            	155.542452          	0.000000            	1745.937500         	13.856999           	0.432629            		
252                 	-160.616724         	0.680923            	155.647770          	0.000000            	1747.375000         	13.864356           	0.433744            		
253                 	-165.995733         	2.275949            	155.533411          	0.000000            	1746.437500         	13.851422           	0.432968            		
254                 	-159.459530         	1.388449            	155.572772          	0.000000            	1747.000000         	13.853971           	0.432405            		
255                 	-159.018590         	2.402413            	155.574138          	0.000000            	1746.312500         	13.859669           	0.434214            		
256                 	-167.596724         	0.558027            	155.565888          	0.000000            	1747.500000         	13.848781           	0.432506            		
257                 	-157.859610         	3.097048            	155.517217          	0.000000            	1745.937500         	13.852503           	0.432583            		
258                 	-160.616724         	0.680917            	155.647034          	0.000000            	1747.375000         	13.864224           	0.433715            		
259                 	-165.995733         	2.275901            	155.573243          	0.000000            	1746.437500         	13.858517           	0.432975            		
260                 	-159.459530         	1.388395            	155.552921          	0.000000            	1747.000000         	13.850436           	0.432078            		
261                 	-159.018590         	2.402409            	155.668783          	0.000000            	1746.312500         	13.876537           	0.434229            		
262                 	-167.596724         	0.558041            	155.534778          	0.000000            	1747.500000         	13.843243           	0.432670            		
263                 	-157.859610         	3.097051            	155.517580          	0.000000            	1745.937500         	13.852568           	0.432618            		
264                 	-160.616724         	0.680906            	155.646833          	0.000000            	1747.375000         	13.864189           	0.433726            		
265                 	-165.995733         	2.276105            	155.517217          	0.000000            	1746.437500         	13.848537           	0.432953            		
266                 	-159.459530         	1.388419            	155.546171          	0.000000            	1747.000000         	13.849234           	0.432119            		
267                 	-159.018590         	2.402340            	155.598365          	0.000000            	1746.312500         	13.863986           	0.434334            		
268                 	-167.596724         	0.558024            	155.534778          	0.000000            	1747.500000         	13.843243           	0.432499            		
269                 	-157.859610         	3.097054            	155.542452          	0.000000            	1745.937500         	13.856999           	0.432615            		
270                 	-160.616724         	0.680938            	155.649241          	0.000000            	1747.375000         	13.864618           	0.433748            		
271                 	-165.995733         	2.276018            	155.576046          	0.000000            	1746.437500         	13.859016           	0.433033            		
272                 	-159.459530         	1.388417            	155.611100          	0.000000            	1747.000000         	13.860798           	0.432100            		
273                 	-159.018590         	2.402394            	155.550554          	0.000000            	1746.312500         	13.855467           	0.434238            		
274                 	-167.596724         	0.558014            	155.562776          	0.000000            	1747.500000         	13.848227           	0.432670            		
275                 	-157.859610         	3.096877            	155.576046          	0.000000            	1745.937500         	13.862985           	0.432658            		
276                 	-160.616724         	0.680924            	155.646666          	0.000000            	1747.375000         	13.864159           	0.433760            		
277                 	-165.995733         	2.275957            	155.533821          	0.000000            	1746.437500         	13.851495           	0.432964            		
278                 	-159.459530         	1.388414            	155.603040          	0.000000            	1747.000000         	13.859362           	0.432148            		
279                 	-159.018590         	2.402339            	155.586953          	0.000000            	1746.312500         	13.861952           	0.434235            		
280                 	-167.596724         	0.558033            	155.584452          	0.000000            	1747.500000         	13.852087           	0.432531            		
281                 	-157.859610         	3.106687            	155.574085          	0.000000            	1745.937500         	13.862636           	0.432619            		
282                 	-160.616724         	0.680934            	155.575337          	0.000000            	1747.375000         	13.851455           	0.433977            		
283                 	-165.995733         	2.275957            	155.505823          	0.000000            	1746.437500         	13.846508           	0.433228            		
284                 	-159.459530         	1.388595            	155.546171          	0.000000            	1747.000000         	13.849234           	0.432100            		
285                 	-159.018590         	2.402481            	155.611292          	0.000000            	1746.312500         	13.866289           	0.434194            		
286                 	-167.596724         	0.558034            	155.605613          	0.000000            	1747.500000         	13.855855           	0.432551            		
287                 	-157.859610         	3.096117            	155.542452          	0.000000            	1745.937500         	13.856999           	0.432626            		
288                 	-160.616724         	0.680925            	155.581991          	0.000000            	1747.375000         	13.852640           	0.433758            		
289                 	-165.995733         	2.275909            	155.530268          	0.000000            	1746.437500         	13.850862           	0.432966            		
290                 	-159.459530         	1.388439            	155.561498          	0.000000            	1747.000000         	13.851963           	0.432123            		
291                 	-159.018590         	2.402403            	155.587183          	0.000000            	1746.312500         	13.861993           	0.434178            		
292                 	-167.596724         	0.558055            	155.602015          	0.000000            	1747.500000         	13.855214           	0.432526            		
293                 	-157.859610         	3.097033            	155.531465          	0.000000            	1745.937500         	13.855042           	0.432612            		
294                 	-160.616724         	0.680929            	155.585120          	0.000000            	1747.375000         	13.853197           	0.433843            		
295                 	-165.995733         	2.275903            	155.644207          	0.000000            	1746.437500         	13.871163           	0.432964            		
296                 	-159.459530         	1.388427            	155.558363          	0.000000            	1747.000000         	13.851405           	0.432118            		
297                 	-159.018590         	2.402234            	155.587183          	0.000000            	1746.312500         	13.861993           	0.434163            		
298                 	-167.596724         	0.558040            	155.534778          	0.000000            	1747.500000         	13.843243           	0.432652            		
299                 	-157.859610         	3.097046            	155.542452          	0.000000            	1745.937500         	13.856999           	0.432616            		
300                 	-160.616724         	0.680916            	155.648223          	0.000000            	1747.375000         	13.864436           	0.433777            		
301                 	-165.995733         	2.275959            	155.646213          	0.000000            	1746.437500         	13.871520           	0.432975            		
302                 	-159.459530         	1.388419            	155.584452          	0.000000            	1747.000000         	13.856051           	0.432109            		
303                 	-159.018590         	2.402347            	155.556165          	0.000000            	1746.312500         	13.856466           	0.434246            		
304                 	-167.596724         	0.558023            	155.563023          	0.000000            	1747.500000         	13.848271           	0.432595            		
305                 	-157.859610         	3.096961            	155.646213          	0.000000            	1745.937500         	13.875493           	0.432615            		
306                 	-160.616724         	0.680893            	155.646929          	0.000000            	1747.375000         	13.864206           	0.433735            		
307                 	-165.995733         	2.275972            	155.533411          	0.000000            	1746.437500         	13.851422           	0.433129            		
308                 	-159.459530         	1.388426            	155.534778          	0.000000            	1747.000000         	13.847205           	0.432116            		
309                 	-159.018590         	2.405187            	155.545293          	0.000000            	1746.312500         	13.854530           	0.434209            		
310                 	-167.596724         	0.558033            	155.602856          	0.000000            	1747.500000         	13.855364           	0.432495            		
311                 	-157.859610         	3.097101            	155.563647          	0.000000            	1745.937500         	13.860776           	0.432619            		
312                 	-160.616724         	0.680917            	155.616137          	0.000000            	1747.375000         	13.858721           	0.433999            		
313                 	-165.995733         	2.279539            	155.542222          	0.000000            	1746.437500         	13.852991           	0.432989            		
314                 	-159.459530         	1.388424            	155.558363          	0.000000            	1747.000000         	13.851405           	0.432113            		
315                 	-159.018590         	2.402396            	155.599224          	0.000000            	1746.312500         	13.864139           	0.434235            		
316                 	-167.596724         	0.558027            	155.611100          	0.000000            	1747.500000         	13.856832           	0.432800            		
317                 	-157.859610         	3.097052            	155.542452          	0.000000            	1745.937500         	13.856999           	0.432617            		
318                 	-160.616724         	0.680960            	155.616137          	0.000000            	1747.375000         	13.858721           	0.433760            		
319                 	-165.995733         	2.276019            	155.578492          	0.000000            	1746.437500         	13.859452           	0.432927            		
320                 	-159.459530         	1.388471            	155.565338          	0.000000            	1747.000000         	13.852647           	0.432109            		
321                 	-159.018590         	2.402444            	155.692912          	0.000000            	1746.312500         	13.880839           	0.434246            		
322                 	-167.596724         	0.558046            	155.534778          	0.000000            	1747.500000         	13.843243           	0.432485            		
323                 	-157.859610         	3.097052            	155.542452          	0.000000            	1745.937500         	13.856999           	0.432583            		
324                 	-160.616724         	0.680946            	155.649241          	0.000000            	1747.375000         	13.864618           	0.433774            		
325                 	-165.995733         	2.275979            	155.523871          	0.000000            	1746.437500         	13.849722           	0.432954            		
326                 	-159.459530         	1.388414            	155.576067          	0.000000            	1747.000000         	13.854558           	0.431892            		
327                 	-159.018590         	2.402360            	155.721970          	0.000000            	1746.312500         	13.886021           	0.434258            		
328                 	-167.596724         	0.558023            	155.601935          	0.000000            	1747.500000         	13.855200           	0.432685            		
329                 	-157.859610         	3.097050            	155.533821          	0.000000            	1745.937500         	13.855461           	0.432633            		
330                 	-160.616724         	0.681133            	155.603093          	0.000000            	1747.375000         	13.856397           	0.433777            		
331                 	-165.995733         	2.275929            	155.584089          	0.000000            	1746.437500         	13.860450           	0.432976            		
332                 	-159.459530         	1.388489            	155.558363          	0.000000            	1747.000000         	13.851405           	0.432096            		
333                 	-159.018590         	2.402327            	155.587183          	0.000000            	1746.312500         	13.861993           	0.434234            		
334                 	-167.596724         	0.558003            	155.558363          	0.000000            	1747.500000         	13.847442           	0.432503            		
335                 	-157.859610         	3.097867            	155.577445          	0.000000            	1745.937500         	13.863235           	0.432614            		
336                 	-160.616724         	0.680922            	155.579508          	0.000000            	1747.375000         	13.852197           	0.433905            		
337                 	-165.995733         	2.275975            	155.529408          	0.000000            	1746.437500         	13.850709           	0.432979            		
338                 	-159.459530         	1.388621            	155.563677          	0.000000            	1747.000000         	13.852351           	0.432066            		
339                 	-159.018590         	2.402387            	155.576656          	0.000000            	1746.312500         	13.860117           	0.434237            		
340                 	-167.596724         	0.558042            	155.584452          	0.000000            	1747.500000         	13.852087           	0.432515            		
341                 	-157.859610         	3.097087            	155.505823          	0.000000            	1745.937500         	13.850473           	0.432615            		
342                 	-160.616724         	0.680922            	155.607753          	0.000000            	1747.375000         	13.857227           	0.433770            		
343                 	-165.995733         	2.275973            	155.503568          	0.000000            	1746.437500         	13.846107           	0.432975            		
344                 	-159.459530         	1.388414            	155.567884          	0.000000            	1747.000000         	13.853100           	0.432100            		
345                 	-159.018590         	2.402383            	155.576195          	0.000000            	1746.312500         	13.860035           	0.434231            		
346                 	-167.596724         	0.558061            	155.584452          	0.000000            	1747.500000         	13.852087           	0.432501            		
347                 	-157.859610         	3.096960            	155.574821          	0.000000            	1745.937500         	13.862767           	0.432644            		
348                 	-160.616724         	0.680624            	155.604793          	0.000000            	1747.375000         	13.856700           	0.433905            		
349                 	-165.995733         	2.275873            	155.529408          	0.000000            	1746.437500         	13.850709           	0.432992            		
350                 	-159.459530         	1.388400            	155.563023          	0.000000            	1747.000000         	13.852235           	0.432118            		
351                 	-159.018590         	2.402408            	155.624686          	0.000000            	1746.312500         	13.868676           	0.434247            		
352                 	-167.596724         	0.558040            	155.677136          	0.000000            	1747.500000         	13.868596           	0.432533            		
353                 	-157.859610         	3.097024            	155.531465          	0.000000            	1745.937500         	13.855042           	0.432580            		
354                 	-160.616724         	0.680927            	155.607506          	0.000000            	1747.375000         	13.857184           	0.433779            		
355                 	-165.995733         	2.275969            	155.573349          	0.000000            	1746.437500         	13.858536           	0.432933            		
356                 	-159.459530         	1.388417            	155.602420          	0.000000            	1747.000000         	13.859252           	0.432109            		
357                 	-159.018590         	2.402409            	155.591338          	0.000000            	1746.312500         	13.862733           	0.434188            		
358                 	-167.596724         	0.558024            	155.572772          	0.000000            	1747.500000         	13.850007           	0.432800            		
359                 	-157.859610         	3.097043            	155.531926          	0.000000            	1745.937500         	13.855124           	0.432631            		
360                 	-160.616724         	0.680924            	155.603093          	0.000000            	1747.375000         	13.856397           	0.433717            		
361                 	-165.995733         	2.275922            	155.533821          	0.000000            	1746.437500         	13.851495           	0.432948            		
362                 	-159.459530         	1.388421            	155.560881          	0.000000            	1747.000000         	13.851853           	0.432098            		
363                 	-159.018590         	2.402410            	155.618324          	0.000000            	1746.312500         	13.867543           	0.434233            		
364                 	-167.596724         	0.557997            	155.552826          	0.000000            	1747.500000         	13.846456           	0.432510            		
365                 	-157.859610         	3.096990            	155.542452          	0.000000            	1745.937500         	13.856999           	0.432709            		
366                 	-160.616724         	0.680918            	155.605611          	0.000000            	1747.375000         	13.856846           	0.433749            		
367                 	-165.995733         	2.279539            	155.566562          	0.000000            	1746.437500         	13.857327           	0.432978            		
368                 	-159.459530         	1.388412            	155.614725          	0.000000            	1747.000000         	13.861444           	0.432094            		
369                 	-159.018590         	2.402341            	155.621388          	0.000000            	1746.312500         	13.868089           	0.434238            		
370                 	-167.596724         	0.558027            	155.563023          	0.000000            	1747.500000         	13.848271           	0.432800            		
371                 	-157.859610         	3.097049            	155.532543          	0.000000            	1745.937500         	13.855234           	0.432630            		
372                 	-160.616724         	0.680939            	155.599896          	0.000000            	1747.375000         	13.855828           	0.433761            		
373                 	-165.995733         	2.275971            	155.503568          	0.000000            	1746.437500         	13.846107           	0.432984            		
374                 	-159.459530         	1.388434            	155.558363          	0.000000            	1747.000000         	13.851405           	0.432118            		
375                 	-159.018590         	2.402391            	155.574998          	0.000000            	1746.312500         	13.859822           	0.434225            		
376                 	-167.596724         	0.558035            	155.601935          	0.000000            	1747.500000         	13.855200           	0.432507            		
377                 	-157.859610         	3.097052            	155.573594          	0.000000            	1745.937500         	13.862548           	0.432629            		
378                 	-160.616724         	0.680896            	155.597651          	0.000000            	1747.375000         	13.855428           	0.433999            		
379                 	-165.995733         	2.275938            	155.542452          	0.000000            	1746.437500         	13.853032           	0.432984            		
380                 	-159.459530         	1.388429            	155.534778          	0.000000            	1747.000000         	13.847205           	0.432114            		
381                 	-159.018590         	2.402394            	155.576195          	0.000000            	1746.312500         	13.860035           	0.434235            		
382                 	-167.596724         	0.558054            	155.563023          	0.000000            	1747.500000         	13.848271           	0.432495            		
383                 	-157.859610         	3.097052            	155.533821          	0.000000            	1745.937500         	13.855461           	0.432624            		
384                 	-160.616724         	0.680364            	155.604793          	0.000000            	1747.375000         	13.856700           	0.433740            		
385                 	-165.995733         	2.275948            	155.520077          	0.000000            	1746.437500         	13.849047           	0.432975            		
386                 	-159.459530         	1.388409            	155.602856          	0.000000            	1747.000000         	13.859330           	0.432256            		
387                 	-159.018590         	2.402367            	155.543971          	0.000000            	1746.312500         	13.854294           	0.434188            		
388                 	-167.596724         	0.558029            	155.601935          	0.000000            	1747.500000         	13.855200           	0.432520            		
389                 	-157.859610         	3.097032            	155.575155          	0.000000            	1745.937500         	13.862827           	0.432598            		
390                 	-160.616724         	0.680946            	155.629182          	0.000000            	1747.375000         	13.861044           	0.433753            		
391                 	-165.995733         	2.275796            	155.531926          	0.000000            	1746.437500         	13.851157           	0.432979            		
392                 	-159.459530         	1.388517            	155.558363          	0.000000            	1747.000000         	13.851405           	0.432089            		
393                 	-159.018590         	2.402408            	155.550554          	0.000000            	1746.312500         	13.855467           	0.434228            		
394                 	-167.596724         	0.558000            	155.603775          	0.000000            	1747.500000         	13.855528           	0.432507            		
395                 	-157.859610         	3.096952            	155.542452          	0.000000            	1745.937500         	13.856999           	0.432614            		
396                 	-160.616724         	0.680851            	155.603764          	0.000000            	1747.375000         	13.856517           	0.433752            		
397                 	-165.995733         	2.275971            	155.542452          	0.000000            	1746.437500         	13.853032           	0.432979            		
398                 	-159.459530         	1.388426            	155.571407          	0.000000            	1747.000000         	13.853728           	0.432115            		
399                 	-159.018590         	2.402409            	155.550554          	0.000000            	1746.312500         	13.855467           	0.434247            		


#228s 228835ms 228835306us 
