0.000000            7.326805            
1.000000            7.241598            
2.000000            7.319793            
3.000000            7.712275            
4.000000            8.248733            
5.000000            8.432196            
6.000000            8.474201            
7.000000            9.457950            
8.000000            9.519073            
9.000000            10.019536           
10.000000           10.673631           
11.000000           10.885491           
12.000000           11.781811           
13.000000           12.054462           
14.000000           11.642461           
15.000000           11.827258           
16.000000           11.954583           
17.000000           13.071827           
18.000000           13.048956           
19.000000           12.091287           
20.000000           12.071885           
21.000000           13.295815           
22.000000           13.409926           
23.000000           13.040177           
24.000000           13.468048           
25.000000           13.893838           
26.000000           13.818203           
27.000000           14.496480           
28.000000           14.507856           
29.000000           14.630108           
30.000000           14.882117           
31.000000           14.499039           
32.000000           14.716202           
33.000000           13.792517           
34.000000           13.713505           
35.000000           14.032763           
36.000000           14.717735           
37.000000           14.713599           
38.000000           14.743888           
39.000000           14.738946           
40.000000           14.854460           
41.000000           15.115342           
42.000000           14.619402           
43.000000           14.697522           
44.000000           14.744516           
45.000000           14.757902           
46.000000           14.749230           
47.000000           14.763709           
48.000000           14.853374           
49.000000           15.427469           
50.000000           14.994620           
51.000000           14.998833           
52.000000           15.004484           
53.000000           15.011700           
54.000000           15.019599           
55.000000           14.998215           
56.000000           16.035809           
57.000000           16.933224           
58.000000           15.194339           
59.000000           15.223114           
60.000000           15.208882           
61.000000           15.227796           
62.000000           15.222145           
63.000000           15.230487           
64.000000           15.223703           
65.000000           16.238952           
66.000000           17.021593           
67.000000           15.316864           
68.000000           15.170796           
69.000000           15.222342           
70.000000           15.213372           
71.000000           15.222694           
72.000000           15.226498           
73.000000           15.261190           
74.000000           15.214631           
75.000000           16.235047           
76.000000           17.003152           
77.000000           15.307870           
78.000000           15.158256           
79.000000           15.183695           
80.000000           15.206233           
81.000000           15.218446           
82.000000           15.209259           
83.000000           15.217424           
84.000000           15.247388           
85.000000           15.213019           
86.000000           16.260071           
87.000000           17.006462           
88.000000           15.300396           
89.000000           15.154171           
90.000000           15.173794           
91.000000           15.207534           
92.000000           15.207161           
93.000000           15.218956           
94.000000           15.216170           
95.000000           15.213358           
96.000000           15.243920           
97.000000           15.218107           
98.000000           16.256623           
99.000000           17.001934           
100.000000          15.313618           
101.000000          15.154173           
102.000000          15.173782           
103.000000          15.207992           
104.000000          15.207164           
105.000000          15.219036           
106.000000          15.216229           
107.000000          15.213358           
108.000000          15.243920           
109.000000          15.218107           
110.000000          16.256623           
111.000000          17.001934           
112.000000          15.313618           
113.000000          15.154173           
114.000000          15.173782           
115.000000          15.207992           
116.000000          15.207164           
117.000000          15.219036           
118.000000          15.216229           
119.000000          15.213358           
120.000000          15.243920           
121.000000          15.218107           
122.000000          16.256623           
123.000000          17.001934           
124.000000          15.313618           
125.000000          15.154173           
126.000000          15.173782           
127.000000          15.207992           
128.000000          15.207164           
129.000000          15.219036           
130.000000          15.216229           
131.000000          15.213358           
132.000000          15.243920           
133.000000          15.218107           
134.000000          16.256623           
135.000000          17.001934           
136.000000          15.313618           
137.000000          15.154173           
138.000000          15.173782           
139.000000          15.207992           
140.000000          15.207164           
141.000000          15.219036           
142.000000          15.216229           
143.000000          15.213358           
144.000000          15.243920           
145.000000          15.218107           
146.000000          16.256623           
147.000000          17.001934           
148.000000          15.313618           
149.000000          15.154173           
150.000000          15.173782           
151.000000          15.207992           
152.000000          15.207164           
153.000000          15.219036           
154.000000          15.216229           
155.000000          15.213358           
156.000000          15.243920           
157.000000          15.218107           
158.000000          16.256623           
159.000000          17.001934           
160.000000          15.313618           
161.000000          15.154173           
162.000000          15.173782           
163.000000          15.207992           
164.000000          15.207164           
165.000000          15.219036           
166.000000          15.216229           
167.000000          15.213358           
168.000000          15.243920           
169.000000          15.218107           
170.000000          16.256623           
171.000000          17.001934           
172.000000          15.313618           
173.000000          15.154173           
174.000000          15.173782           
175.000000          15.207992           
176.000000          15.207164           
177.000000          15.219036           
178.000000          15.216229           
179.000000          15.213358           
180.000000          15.243920           
181.000000          15.218107           
182.000000          16.256623           
183.000000          17.001934           
184.000000          15.313618           
185.000000          15.154173           
186.000000          15.173782           
187.000000          15.207992           
188.000000          15.207164           
189.000000          15.219036           
190.000000          15.216229           
191.000000          15.213358           
192.000000          15.243920           
193.000000          15.218107           
194.000000          16.256623           
195.000000          17.001934           
196.000000          15.313618           
197.000000          15.154173           
198.000000          15.173782           
199.000000          15.207992           
200.000000          15.207164           
201.000000          15.219036           
202.000000          15.216229           
203.000000          15.213358           
204.000000          15.243920           
205.000000          15.218107           
206.000000          16.256623           
207.000000          17.001934           
208.000000          15.313618           
209.000000          15.154173           
210.000000          15.173782           
211.000000          15.207992           
212.000000          15.207164           
213.000000          15.219036           
214.000000          15.216229           
215.000000          15.213358           
216.000000          15.243920           
217.000000          15.218107           
218.000000          16.256623           
219.000000          17.001934           
220.000000          15.313618           
221.000000          15.154173           
222.000000          15.173782           
223.000000          15.207992           
224.000000          15.207164           
225.000000          15.219036           
226.000000          15.216229           
227.000000          15.213358           
228.000000          15.243920           
229.000000          15.218107           
230.000000          16.256623           
231.000000          17.001934           
232.000000          15.313618           
233.000000          15.154173           
234.000000          15.173782           
235.000000          15.207992           
236.000000          15.207164           
237.000000          15.219036           
238.000000          15.216229           
239.000000          15.213358           
240.000000          15.243920           
241.000000          15.218107           
242.000000          16.256623           
243.000000          17.001934           
244.000000          15.313618           
245.000000          15.154173           
246.000000          15.173782           
247.000000          15.207992           
248.000000          15.207164           
249.000000          15.219036           
250.000000          15.216229           
251.000000          15.213358           
252.000000          15.243920           
253.000000          15.218107           
254.000000          16.256623           
255.000000          17.001934           
256.000000          15.313618           
257.000000          15.154173           
258.000000          15.173782           
259.000000          15.207992           
260.000000          15.207164           
261.000000          15.219036           
262.000000          15.216229           
263.000000          15.213358           
264.000000          15.243920           
265.000000          15.218107           
266.000000          16.256623           
267.000000          17.001934           
268.000000          15.313618           
269.000000          15.154173           
270.000000          15.173782           
271.000000          15.207992           
272.000000          15.207164           
273.000000          15.219036           
274.000000          15.216229           
275.000000          15.213358           
276.000000          15.243920           
277.000000          15.218107           
278.000000          16.256623           
279.000000          17.001934           
280.000000          15.313618           
281.000000          15.154173           
282.000000          15.173782           
283.000000          15.207992           
284.000000          15.207164           
285.000000          15.219036           
286.000000          15.216229           
287.000000          15.213358           
288.000000          15.243920           
289.000000          15.218107           
290.000000          16.256623           
291.000000          17.001934           
292.000000          15.313618           
293.000000          15.154173           
294.000000          15.173782           
295.000000          15.207992           
296.000000          15.207164           
297.000000          15.219036           
298.000000          15.216229           
299.000000          15.213358           
300.000000          15.243920           
301.000000          15.218107           
302.000000          16.256623           
303.000000          17.001934           
304.000000          15.313618           
305.000000          15.154173           
306.000000          15.173782           
307.000000          15.207992           
308.000000          15.207164           
309.000000          15.219036           
310.000000          15.216229           
311.000000          15.213358           
312.000000          15.243920           
313.000000          15.218107           
314.000000          16.256623           
315.000000          17.001934           
316.000000          15.313618           
317.000000          15.154173           
318.000000          15.173782           
319.000000          15.207992           
320.000000          15.207164           
321.000000          15.219036           
322.000000          15.216229           
323.000000          15.213358           
324.000000          15.243920           
325.000000          15.218107           
326.000000          16.256623           
327.000000          17.001934           
328.000000          15.313618           
329.000000          15.154173           
330.000000          15.173782           
331.000000          15.207992           
332.000000          15.207164           
333.000000          15.219036           
334.000000          15.216229           
335.000000          15.213358           
336.000000          15.243920           
337.000000          15.218107           
338.000000          16.256623           
339.000000          17.001934           
340.000000          15.313618           
341.000000          15.154173           
342.000000          15.173782           
343.000000          15.207992           
344.000000          15.207164           
345.000000          15.219036           
346.000000          15.216229           
347.000000          15.213358           
348.000000          15.243920           
349.000000          15.218107           
350.000000          16.256623           
351.000000          17.001934           
352.000000          15.313618           
353.000000          15.154173           
354.000000          15.173782           
355.000000          15.207992           
356.000000          15.207164           
357.000000          15.219036           
358.000000          15.216229           
359.000000          15.213358           
360.000000          15.243920           
361.000000          15.218107           
362.000000          16.256623           
363.000000          17.001934           
364.000000          15.313618           
365.000000          15.154173           
366.000000          15.173782           
367.000000          15.207992           
368.000000          15.207164           
369.000000          15.219036           
370.000000          15.216229           
371.000000          15.213358           
372.000000          15.243920           
373.000000          15.218107           
374.000000          16.256623           
375.000000          17.001934           
376.000000          15.313618           
377.000000          15.154173           
378.000000          15.173782           
379.000000          15.207992           
380.000000          15.207164           
381.000000          15.219036           
382.000000          15.216229           
383.000000          15.213358           
384.000000          15.243920           
385.000000          15.218107           
386.000000          16.256623           
387.000000          17.001934           
388.000000          15.313618           
389.000000          15.154173           
390.000000          15.173782           
391.000000          15.207992           
392.000000          15.207164           
393.000000          15.219036           
394.000000          15.216229           
395.000000          15.213358           
396.000000          15.243920           
397.000000          15.218107           
398.000000          16.256623           
399.000000          17.001934           
400.000000          15.313618           
#Execution time: 89s 89899ms 89899377us 
