0.000000            14.431589           
1.000000            11.524955           
2.000000            10.196009           
3.000000            9.288547            
4.000000            8.817288            
5.000000            8.372991            
6.000000            8.013895            
7.000000            7.651104            
8.000000            7.392716            
9.000000            7.140551            
10.000000           6.918454            
11.000000           6.723991            
12.000000           6.480819            
13.000000           6.191892            
14.000000           5.960915            
15.000000           5.708480            
16.000000           5.491840            
17.000000           5.247352            
18.000000           5.032061            
19.000000           4.823960            
20.000000           4.617488            
21.000000           4.408298            
22.000000           4.212012            
23.000000           4.045052            
24.000000           3.925728            
25.000000           3.810522            
26.000000           3.672248            
27.000000           3.574858            
28.000000           3.485202            
29.000000           3.391824            
30.000000           3.298463            
31.000000           3.230378            
32.000000           3.175775            
33.000000           3.104922            
34.000000           3.044527            
35.000000           2.973816            
36.000000           2.933204            
37.000000           2.891962            
38.000000           2.835159            
39.000000           2.795118            
40.000000           2.764038            
41.000000           2.738349            
42.000000           2.712085            
43.000000           2.668370            
44.000000           2.622723            
45.000000           2.599589            
46.000000           2.582196            
47.000000           2.556484            
48.000000           2.535198            
49.000000           2.502896            
50.000000           2.482979            
51.000000           2.462801            
52.000000           2.434689            
53.000000           2.422756            
54.000000           2.404691            
55.000000           2.387579            
56.000000           2.358904            
57.000000           2.323053            
58.000000           2.291415            
59.000000           2.254826            
60.000000           2.233825            
61.000000           2.205428            
62.000000           2.175663            
63.000000           2.148870            
64.000000           2.125556            
65.000000           2.096965            
66.000000           2.069408            
67.000000           2.049453            
68.000000           2.026810            
69.000000           2.006757            
70.000000           1.986567            
71.000000           1.956422            
72.000000           1.935452            
73.000000           1.894884            
74.000000           1.875684            
75.000000           1.849829            
76.000000           1.830469            
77.000000           1.797261            
78.000000           1.778929            
79.000000           1.753883            
80.000000           1.736688            
81.000000           1.707259            
82.000000           1.697076            
83.000000           1.680764            
84.000000           1.667633            
85.000000           1.641331            
86.000000           1.624841            
87.000000           1.611744            
88.000000           1.599668            
89.000000           1.586469            
90.000000           1.572937            
91.000000           1.565838            
92.000000           1.551149            
93.000000           1.535290            
94.000000           1.531141            
95.000000           1.518686            
96.000000           1.512884            
97.000000           1.507597            
98.000000           1.490041            
99.000000           1.480265            
100.000000          1.475501            
101.000000          1.468453            
102.000000          1.447815            
103.000000          1.442739            
104.000000          1.436462            
105.000000          1.427818            
106.000000          1.425282            
107.000000          1.413004            
108.000000          1.403578            
109.000000          1.397593            
110.000000          1.392076            
111.000000          1.385922            
112.000000          1.373850            
113.000000          1.371344            
114.000000          1.365613            
115.000000          1.356041            
116.000000          1.355376            
117.000000          1.352251            
118.000000          1.342100            
119.000000          1.344197            
120.000000          1.336328            
121.000000          1.333428            
122.000000          1.332257            
123.000000          1.324198            
124.000000          1.320971            
125.000000          1.318032            
126.000000          1.316862            
127.000000          1.314524            
128.000000          1.316084            
129.000000          1.306503            
130.000000          1.304417            
131.000000          1.308972            
132.000000          1.305037            
133.000000          1.304716            
134.000000          1.305605            
135.000000          1.300607            
136.000000          1.295658            
137.000000          1.296084            
138.000000          1.299883            
139.000000          1.292658            
140.000000          1.295781            
141.000000          1.289593            
142.000000          1.289465            
143.000000          1.287166            
144.000000          1.290244            
145.000000          1.296514            
146.000000          1.291429            
147.000000          1.288812            
148.000000          1.284991            
149.000000          1.288865            
150.000000          1.290322            
151.000000          1.289957            
152.000000          1.290305            
153.000000          1.285749            
154.000000          1.285456            
155.000000          1.285773            
156.000000          1.287390            
157.000000          1.287242            
158.000000          1.288674            
159.000000          1.285585            
160.000000          1.285779            
161.000000          1.285683            
162.000000          1.288364            
163.000000          1.290276            
164.000000          1.291740            
165.000000          1.285448            
166.000000          1.285598            
167.000000          1.285548            
168.000000          1.289166            
169.000000          1.288215            
170.000000          1.283414            
171.000000          1.281623            
172.000000          1.280697            
173.000000          1.285460            
174.000000          1.284974            
175.000000          1.287998            
176.000000          1.279684            
177.000000          1.280845            
178.000000          1.279370            
179.000000          1.282456            
180.000000          1.286060            
181.000000          1.287348            
182.000000          1.278986            
183.000000          1.280615            
184.000000          1.280664            
185.000000          1.286739            
186.000000          1.286026            
187.000000          1.287726            
188.000000          1.277141            
189.000000          1.280954            
190.000000          1.284207            
191.000000          1.285637            
192.000000          1.286391            
193.000000          1.281065            
194.000000          1.278637            
195.000000          1.282754            
196.000000          1.284174            
197.000000          1.284757            
198.000000          1.280428            
199.000000          1.279338            
200.000000          1.278800            
201.000000          1.281984            
202.000000          1.284189            
203.000000          1.281387            
204.000000          1.276012            
205.000000          1.278695            
206.000000          1.280405            
207.000000          1.281679            
208.000000          1.280064            
209.000000          1.278028            
210.000000          1.278779            
211.000000          1.281042            
212.000000          1.283007            
213.000000          1.280353            
214.000000          1.283977            
215.000000          1.280723            
216.000000          1.281409            
217.000000          1.281049            
218.000000          1.280069            
219.000000          1.283791            
220.000000          1.280080            
221.000000          1.281280            
222.000000          1.281274            
223.000000          1.281102            
224.000000          1.280064            
225.000000          1.278028            
226.000000          1.278779            
227.000000          1.281042            
228.000000          1.283007            
229.000000          1.280353            
230.000000          1.283977            
231.000000          1.280723            
232.000000          1.281409            
233.000000          1.281049            
234.000000          1.280069            
235.000000          1.283791            
236.000000          1.280080            
237.000000          1.281280            
238.000000          1.281274            
239.000000          1.281102            
240.000000          1.280064            
241.000000          1.278028            
242.000000          1.278779            
243.000000          1.281042            
244.000000          1.283007            
245.000000          1.280353            
246.000000          1.283977            
247.000000          1.280723            
248.000000          1.281409            
249.000000          1.281049            
250.000000          1.280069            
251.000000          1.283791            
252.000000          1.280080            
253.000000          1.281280            
254.000000          1.281274            
255.000000          1.281102            
256.000000          1.280064            
257.000000          1.278028            
258.000000          1.278779            
259.000000          1.281042            
260.000000          1.283007            
261.000000          1.280353            
262.000000          1.283977            
263.000000          1.280723            
264.000000          1.281409            
265.000000          1.281049            
266.000000          1.280069            
267.000000          1.283791            
268.000000          1.280080            
269.000000          1.281280            
270.000000          1.281274            
271.000000          1.281102            
272.000000          1.280064            
273.000000          1.278028            
274.000000          1.278779            
275.000000          1.281042            
276.000000          1.283007            
277.000000          1.280353            
278.000000          1.283977            
279.000000          1.280723            
280.000000          1.281409            
281.000000          1.281049            
282.000000          1.280069            
283.000000          1.283791            
284.000000          1.280080            
285.000000          1.281280            
286.000000          1.281274            
287.000000          1.281102            
288.000000          1.280064            
289.000000          1.278028            
290.000000          1.278779            
291.000000          1.281042            
292.000000          1.283007            
293.000000          1.280353            
294.000000          1.283977            
295.000000          1.280723            
296.000000          1.281409            
297.000000          1.281049            
298.000000          1.280069            
299.000000          1.283791            
300.000000          1.280080            
301.000000          1.281280            
302.000000          1.281274            
303.000000          1.281102            
304.000000          1.280064            
305.000000          1.278028            
306.000000          1.278779            
307.000000          1.281042            
308.000000          1.283007            
309.000000          1.280353            
310.000000          1.283977            
311.000000          1.280723            
312.000000          1.281409            
313.000000          1.281049            
314.000000          1.280069            
315.000000          1.283791            
316.000000          1.280080            
317.000000          1.281280            
318.000000          1.281274            
319.000000          1.281102            
320.000000          1.280064            
321.000000          1.278028            
322.000000          1.278779            
323.000000          1.281042            
324.000000          1.283007            
325.000000          1.280353            
326.000000          1.283977            
327.000000          1.280723            
328.000000          1.281409            
329.000000          1.281049            
330.000000          1.280069            
331.000000          1.283791            
332.000000          1.280080            
333.000000          1.281280            
334.000000          1.281274            
335.000000          1.281102            
336.000000          1.280064            
337.000000          1.278028            
338.000000          1.278779            
339.000000          1.281042            
340.000000          1.283007            
341.000000          1.280353            
342.000000          1.283977            
343.000000          1.280723            
344.000000          1.281409            
345.000000          1.281049            
346.000000          1.280069            
347.000000          1.283791            
348.000000          1.280080            
349.000000          1.281280            
350.000000          1.281274            
351.000000          1.281102            
352.000000          1.280064            
353.000000          1.278028            
354.000000          1.278779            
355.000000          1.281042            
356.000000          1.283007            
357.000000          1.280353            
358.000000          1.283977            
359.000000          1.280723            
360.000000          1.281409            
361.000000          1.281049            
362.000000          1.280069            
363.000000          1.283791            
364.000000          1.280080            
365.000000          1.281280            
366.000000          1.281274            
367.000000          1.281102            
368.000000          1.280064            
369.000000          1.278028            
370.000000          1.278779            
371.000000          1.281042            
372.000000          1.283007            
373.000000          1.280353            
374.000000          1.283977            
375.000000          1.280723            
376.000000          1.281409            
377.000000          1.281049            
378.000000          1.280069            
379.000000          1.283791            
380.000000          1.280080            
381.000000          1.281280            
382.000000          1.281274            
383.000000          1.281102            
384.000000          1.280064            
385.000000          1.278028            
386.000000          1.278779            
387.000000          1.281042            
388.000000          1.283007            
389.000000          1.280353            
390.000000          1.283977            
391.000000          1.280723            
392.000000          1.281409            
393.000000          1.281049            
394.000000          1.280069            
395.000000          1.283791            
396.000000          1.280080            
397.000000          1.281280            
398.000000          1.281274            
399.000000          1.281102            
400.000000          1.280064            
#Execution time: 45s 45000ms 45000271us 
