0.000000            9.885719            
1.000000            10.978926           
2.000000            10.642266           
3.000000            9.765121            
4.000000            7.957391            
5.000000            7.796667            
6.000000            7.900405            
7.000000            8.128474            
8.000000            8.256220            
9.000000            8.004155            
10.000000           7.494228            
11.000000           7.009461            
12.000000           7.095672            
13.000000           7.253273            
14.000000           7.171289            
15.000000           7.039677            
16.000000           6.750747            
17.000000           7.149270            
18.000000           6.814728            
19.000000           6.670252            
20.000000           6.949203            
21.000000           6.534216            
22.000000           6.975571            
23.000000           6.778509            
24.000000           7.107244            
25.000000           6.553196            
26.000000           7.162248            
27.000000           6.860514            
28.000000           6.785635            
29.000000           7.118228            
30.000000           6.869843            
31.000000           6.980940            
32.000000           6.743934            
33.000000           6.616588            
34.000000           7.017403            
35.000000           7.039918            
36.000000           6.736997            
37.000000           7.314751            
38.000000           7.030214            
39.000000           7.175182            
40.000000           6.690584            
41.000000           7.073646            
42.000000           7.220774            
43.000000           6.938114            
44.000000           7.117829            
45.000000           6.924717            
46.000000           7.393265            
47.000000           7.407870            
48.000000           7.163537            
49.000000           7.058415            
50.000000           6.896901            
51.000000           6.933941            
52.000000           7.316250            
53.000000           7.221986            
54.000000           6.999314            
55.000000           6.753101            
56.000000           7.262579            
57.000000           7.299598            
58.000000           6.909593            
59.000000           6.675409            
60.000000           6.983958            
61.000000           7.131044            
62.000000           7.093058            
63.000000           7.006895            
64.000000           7.118493            
65.000000           7.162403            
66.000000           7.138966            
67.000000           7.127841            
68.000000           7.083108            
69.000000           7.299825            
70.000000           7.253555            
71.000000           7.038758            
72.000000           7.121730            
73.000000           6.983759            
74.000000           7.327337            
75.000000           7.192901            
76.000000           7.010547            
77.000000           7.146888            
78.000000           7.369962            
79.000000           7.804772            
80.000000           7.595599            
81.000000           7.492859            
82.000000           7.069323            
83.000000           7.335770            
84.000000           7.229976            
85.000000           7.357414            
86.000000           6.973385            
87.000000           7.355844            
88.000000           7.695263            
89.000000           7.467528            
90.000000           7.166226            
91.000000           7.095875            
92.000000           7.380491            
93.000000           7.476834            
94.000000           7.446769            
95.000000           7.221917            
96.000000           7.052392            
97.000000           7.379566            
98.000000           7.261512            
99.000000           7.337445            
100.000000          7.267645            
101.000000          7.268096            
102.000000          7.130141            
103.000000          7.052389            
104.000000          7.400843            
105.000000          7.559811            
106.000000          7.537082            
107.000000          7.355001            
108.000000          7.142593            
109.000000          7.053921            
110.000000          6.954164            
111.000000          7.248963            
112.000000          7.592994            
113.000000          7.361876            
114.000000          7.326639            
115.000000          7.255986            
116.000000          7.170046            
117.000000          7.290935            
118.000000          7.247099            
119.000000          7.292296            
120.000000          7.456526            
121.000000          7.617703            
122.000000          7.386409            
123.000000          7.233252            
124.000000          7.086512            
125.000000          7.124606            
126.000000          7.097263            
127.000000          7.087263            
128.000000          7.272025            
129.000000          7.274814            
130.000000          7.259319            
131.000000          7.536890            
132.000000          7.593731            
133.000000          7.469727            
134.000000          7.412593            
135.000000          7.259928            
136.000000          7.119075            
137.000000          7.063749            
138.000000          7.065852            
139.000000          7.268429            
140.000000          7.450194            
141.000000          7.697049            
142.000000          7.601148            
143.000000          7.596163            
144.000000          7.537751            
145.000000          7.415733            
146.000000          7.323318            
147.000000          7.153111            
148.000000          7.082119            
149.000000          7.204306            
150.000000          7.451488            
151.000000          7.699391            
152.000000          7.600826            
153.000000          7.685331            
154.000000          7.478649            
155.000000          7.417454            
156.000000          7.320387            
157.000000          7.116919            
158.000000          7.283512            
159.000000          7.404294            
160.000000          7.527031            
161.000000          7.548632            
162.000000          7.744601            
163.000000          7.494405            
164.000000          7.454280            
165.000000          7.413471            
166.000000          7.451206            
167.000000          7.119047            
168.000000          7.369407            
169.000000          7.352883            
170.000000          7.548014            
171.000000          7.795978            
172.000000          8.098754            
173.000000          8.136687            
174.000000          8.091510            
175.000000          8.221868            
176.000000          7.861304            
177.000000          8.128712            
178.000000          8.255358            
179.000000          8.138550            
180.000000          8.032940            
181.000000          7.829031            
182.000000          8.313632            
183.000000          7.844478            
184.000000          7.983637            
185.000000          7.575406            
186.000000          6.967891            
187.000000          7.177952            
188.000000          7.069962            
189.000000          6.859213            
190.000000          7.176674            
191.000000          7.191367            
192.000000          7.379933            
193.000000          7.573296            
194.000000          7.671378            
195.000000          7.408707            
196.000000          7.757074            
197.000000          7.490732            
198.000000          7.824941            
199.000000          7.935536            
200.000000          7.770981            
201.000000          7.835133            
202.000000          7.749291            
203.000000          8.076280            
204.000000          7.908680            
205.000000          8.077986            
206.000000          8.037093            
207.000000          8.467591            
208.000000          8.396081            
209.000000          8.016478            
210.000000          7.943210            
211.000000          7.976392            
212.000000          7.908026            
213.000000          8.082297            
214.000000          7.878765            
215.000000          7.749010            
216.000000          7.702848            
217.000000          7.746179            
218.000000          7.786300            
219.000000          7.559664            
220.000000          7.563695            
221.000000          7.502866            
222.000000          7.418827            
223.000000          7.256188            
224.000000          7.163139            
225.000000          7.239332            
226.000000          7.339310            
227.000000          7.082585            
228.000000          7.079891            
229.000000          7.045163            
230.000000          6.970575            
231.000000          6.927395            
232.000000          7.075102            
233.000000          7.067207            
234.000000          7.091253            
235.000000          7.125370            
236.000000          7.122273            
237.000000          7.197969            
238.000000          7.136911            
239.000000          7.171900            
240.000000          7.017331            
241.000000          6.975069            
242.000000          6.878934            
243.000000          6.841938            
244.000000          6.896099            
245.000000          6.838534            
246.000000          6.827571            
247.000000          6.832367            
248.000000          6.832923            
249.000000          6.815066            
250.000000          6.862628            
251.000000          6.851382            
252.000000          6.850747            
253.000000          6.819401            
254.000000          6.832160            
255.000000          6.839094            
256.000000          6.832751            
257.000000          6.852088            
258.000000          6.828904            
#Execution time: 22s 22396ms 22396441us 
