0.000000            5.690167            
1.000000            5.496163            
2.000000            5.470870            
3.000000            5.626908            
4.000000            5.301416            
5.000000            5.809984            
6.000000            5.784688            
7.000000            5.185543            
8.000000            6.181707            
9.000000            6.098434            
10.000000           6.133810            
11.000000           6.366827            
12.000000           6.358896            
13.000000           5.483670            
14.000000           5.960860            
15.000000           6.107949            
16.000000           5.402986            
17.000000           6.426706            
18.000000           6.369843            
19.000000           6.259938            
20.000000           5.738547            
21.000000           6.097357            
22.000000           6.259654            
23.000000           5.565797            
24.000000           6.753520            
25.000000           6.516354            
26.000000           6.372607            
27.000000           6.385879            
28.000000           5.834855            
29.000000           6.214991            
30.000000           6.274231            
31.000000           5.700071            
32.000000           6.752906            
33.000000           6.640093            
34.000000           6.376572            
35.000000           5.937641            
36.000000           6.318349            
37.000000           6.422722            
38.000000           5.897828            
39.000000           6.643937            
40.000000           6.482362            
41.000000           6.079231            
42.000000           6.328070            
43.000000           6.441444            
44.000000           5.946087            
45.000000           6.683569            
46.000000           6.496708            
47.000000           6.029609            
48.000000           6.320233            
49.000000           6.430570            
50.000000           5.922017            
51.000000           6.663671            
52.000000           6.488822            
53.000000           6.080011            
54.000000           6.422316            
55.000000           6.417642            
56.000000           6.050081            
57.000000           6.657170            
58.000000           6.469736            
59.000000           6.151596            
60.000000           6.421736            
61.000000           6.541510            
62.000000           6.056715            
63.000000           6.753216            
64.000000           6.554734            
65.000000           6.174426            
66.000000           6.423622            
67.000000           6.564247            
68.000000           6.076037            
69.000000           6.762956            
70.000000           6.536613            
71.000000           6.180843            
72.000000           6.452695            
73.000000           6.433783            
74.000000           6.530157            
75.000000           6.023325            
76.000000           6.773101            
77.000000           6.540962            
78.000000           6.074042            
79.000000           6.458410            
80.000000           6.402874            
81.000000           6.509871            
82.000000           6.120050            
83.000000           6.772404            
84.000000           6.545277            
85.000000           6.085997            
86.000000           6.463411            
87.000000           6.458844            
88.000000           6.434381            
89.000000           6.521553            
90.000000           6.138571            
91.000000           6.770632            
92.000000           6.564551            
93.000000           6.075457            
94.000000           6.457538            
95.000000           6.513299            
96.000000           6.434694            
97.000000           6.562339            
98.000000           6.126781            
99.000000           6.755251            
100.000000          6.532497            
101.000000          6.052002            
102.000000          6.445338            
103.000000          6.490700            
104.000000          6.421176            
105.000000          6.514265            
106.000000          6.074841            
107.000000          6.757049            
108.000000          6.537203            
109.000000          6.055286            
110.000000          6.373282            
111.000000          6.431912            
112.000000          6.467943            
113.000000          6.497475            
114.000000          6.416692            
115.000000          6.519415            
116.000000          6.093789            
117.000000          6.768454            
118.000000          6.535776            
119.000000          6.103350            
120.000000          6.433442            
121.000000          6.434399            
122.000000          6.442027            
123.000000          6.465114            
124.000000          6.506039            
125.000000          6.426551            
126.000000          6.522204            
127.000000          6.122215            
128.000000          6.763099            
129.000000          6.575186            
130.000000          6.222840            
131.000000          6.415360            
132.000000          6.491259            
133.000000          6.429554            
134.000000          6.453019            
135.000000          6.473989            
136.000000          6.444968            
137.000000          6.471570            
138.000000          6.493475            
139.000000          6.419591            
140.000000          6.523888            
141.000000          6.135695            
142.000000          6.752912            
143.000000          6.566452            
144.000000          6.209361            
145.000000          6.429079            
146.000000          6.493630            
147.000000          6.452138            
148.000000          6.444510            
149.000000          6.453905            
#Execution time: 14s 14665ms 14665594us 
