0.000000            6.068504            
1.000000            5.917666            
2.000000            6.550935            
3.000000            7.625208            
4.000000            8.089272            
5.000000            8.681545            
6.000000            8.954300            
7.000000            9.546659            
8.000000            9.730579            
9.000000            8.502706            
10.000000           7.526949            
11.000000           7.552497            
12.000000           7.716216            
#Execution time: 25s 25706ms 25706740us 
