0.000000            11.566010           
1.000000            9.895525            
2.000000            7.004493            
3.000000            5.501968            
4.000000            4.085688            
5.000000            3.224161            
6.000000            2.739332            
7.000000            2.467910            
8.000000            2.294345            
9.000000            2.168654            
10.000000           2.101185            
11.000000           2.044239            
12.000000           1.984409            
13.000000           1.935783            
14.000000           1.918633            
15.000000           1.886039            
16.000000           1.874729            
17.000000           1.859055            
18.000000           1.858127            
19.000000           1.845412            
#Execution time: 10s 10479ms 10479977us 
