0.000000            4.555994            
1.000000            4.365976            
2.000000            4.342062            
3.000000            4.498599            
4.000000            4.178048            
5.000000            4.682900            
6.000000            4.657870            
7.000000            4.065104            
8.000000            5.052530            
9.000000            4.969361            
10.000000           5.004897            
11.000000           5.236590            
12.000000           5.229232            
13.000000           4.360655            
14.000000           4.834102            
15.000000           4.980543            
16.000000           4.281854            
17.000000           5.296954            
18.000000           5.240091            
19.000000           5.130385            
20.000000           4.614182            
21.000000           4.969496            
22.000000           5.129849            
23.000000           4.443432            
24.000000           5.622500            
25.000000           5.385603            
26.000000           5.242321            
27.000000           5.255459            
28.000000           4.709906            
29.000000           5.085727            
30.000000           5.143747            
31.000000           4.576782            
32.000000           5.621229            
33.000000           5.508425            
34.000000           5.245229            
35.000000           4.810363            
36.000000           5.188229            
37.000000           5.290411            
38.000000           4.772331            
39.000000           5.511807            
40.000000           5.350222            
41.000000           4.950455            
42.000000           5.197583            
43.000000           5.308999            
44.000000           4.820144            
45.000000           5.551248            
46.000000           5.364382            
47.000000           4.901519            
48.000000           5.189423            
49.000000           5.297900            
50.000000           4.795951            
51.000000           5.530595            
52.000000           5.356011            
53.000000           4.951231            
54.000000           5.290662            
55.000000           5.284106            
56.000000           4.922568            
57.000000           5.523617            
58.000000           5.336129            
59.000000           5.022238            
60.000000           5.289489            
61.000000           5.407374            
62.000000           4.928948            
63.000000           5.618854            
64.000000           5.420348            
65.000000           5.044203            
66.000000           5.290587            
67.000000           5.428929            
68.000000           4.947839            
69.000000           5.627951            
70.000000           5.401630            
71.000000           5.049881            
72.000000           5.319095            
73.000000           5.300304            
74.000000           5.394623            
75.000000           4.894683            
76.000000           5.637339            
77.000000           5.405328            
78.000000           4.943321            
79.000000           5.323516            
80.000000           5.268506            
81.000000           5.373440            
82.000000           4.990333            
83.000000           5.635868            
84.000000           5.408638            
85.000000           4.954640            
86.000000           5.327615            
87.000000           5.323624            
88.000000           5.299559            
89.000000           5.384604            
90.000000           5.008286            
91.000000           5.633411            
92.000000           5.427099            
93.000000           4.943029            
94.000000           5.320854            
95.000000           5.376628            
96.000000           5.298837            
97.000000           5.424112            
98.000000           4.995895            
99.000000           5.617517            
100.000000          5.394684            
101.000000          4.919320            
102.000000          5.308259            
103.000000          5.353750            
104.000000          5.284752            
105.000000          5.375883            
106.000000          4.943444            
107.000000          5.618924            
108.000000          5.398633            
109.000000          4.921954            
110.000000          5.235354            
111.000000          5.294278            
112.000000          5.330219            
113.000000          5.359963            
114.000000          5.279888            
115.000000          5.380504            
116.000000          4.961613            
117.000000          5.629418            
118.000000          5.396573            
119.000000          4.968928            
120.000000          5.294695            
121.000000          5.295904            
122.000000          5.303561            
123.000000          5.326625            
124.000000          5.367559            
125.000000          5.288627            
126.000000          5.382071            
127.000000          4.988985            
128.000000          5.623109            
129.000000          5.434606            
130.000000          5.087271            
131.000000          5.275684            
132.000000          5.351786            
133.000000          5.290159            
134.000000          5.313658            
135.000000          5.334444            
136.000000          5.305600            
137.000000          5.332280            
138.000000          5.354254            
139.000000          5.281097            
140.000000          5.383321            
141.000000          5.001458            
142.000000          5.612371            
143.000000          5.425336            
144.000000          5.073532            
145.000000          5.288546            
146.000000          5.353229            
147.000000          5.311935            
148.000000          5.304334            
149.000000          5.313834            
#Execution time: 14s 14173ms 14173036us 
