0.000000            224.320046          
1.000000            203.663575          
2.000000            194.033539          
3.000000            191.578817          
4.000000            188.190562          
5.000000            187.336517          
6.000000            186.625110          
7.000000            185.832144          
8.000000            185.685465          
9.000000            184.685283          
10.000000           184.683361          
11.000000           183.995075          
#Execution time: 8s 8620ms 8620640us 
