Iteration           EnergyValue II      EnergyValue MDCA    
0.000000            3.109876            14.260211           
1.000000            3.029327            14.017462           
2.000000            2.958484            14.617882           
3.000000            2.891018            14.918780           
4.000000            2.834772            14.958404           
5.000000            2.788127            16.405088           
6.000000            2.746551            17.930940           
7.000000            2.706727            17.113979           
8.000000            2.669761            17.119837           
9.000000            2.643216            17.115779           
10.000000           2.620521            16.997020           
11.000000           2.605833            17.135630           
12.000000           2.591612            17.611054           
13.000000           2.577445            18.446132           
14.000000           2.563241            18.428009           
15.000000           2.550035            19.820336           
16.000000           2.537082            19.907499           
17.000000           2.521375            20.032016           
18.000000           2.506993            20.368246           
19.000000           2.490690            21.038050           
20.000000           2.476499            22.231604           
21.000000           2.461372            23.423297           
22.000000           2.450935            22.354412           
23.000000           2.440113            23.039885           
24.000000           2.428005            24.877676           
25.000000           2.418183            24.817700           
26.000000           2.413570            22.722628           
27.000000           2.401372            20.334165           
28.000000           2.391868            20.259855           
29.000000           2.383336            20.117376           
30.000000           2.376270            20.696232           
31.000000           2.369914            21.568275           
32.000000           2.364416            21.391978           
33.000000           2.359566            22.799648           
34.000000           2.353693            24.026257           
35.000000           2.346277            22.896459           
36.000000           2.334322            23.977375           
37.000000           2.329185            24.251487           
38.000000           2.323654            23.551691           
39.000000           2.319246            23.510661           
40.000000           2.315107            23.543353           
41.000000           2.311412            25.036169           
42.000000           2.304743            23.278991           
43.000000           2.300326            23.095180           
44.000000           2.297039            23.085714           
45.000000           2.293766            23.044008           
46.000000           2.290184            21.258046           
47.000000           2.283579            20.777710           
48.000000           2.280892            20.912094           
49.000000           2.277605            20.683534           
50.000000           2.274071            20.441123           
51.000000           2.165068            21.622381           
52.000000           2.159422            24.705887           
53.000000           2.155898            25.100119           
54.000000           2.153876            25.362121           
55.000000           2.151726            25.929196           
56.000000           2.151125            27.264812           
57.000000           2.149410            27.900195           
58.000000           2.148321            29.288243           
59.000000           2.147487            26.136873           
60.000000           2.145486            26.580426           
61.000000           2.144147            26.613910           
62.000000           2.142677            28.057058           
63.000000           2.141831            28.667792           
64.000000           2.140727            27.719544           
65.000000           2.140332            27.197451           
66.000000           2.139732            26.073290           
67.000000           2.138294            26.706079           
68.000000           2.137790            27.259233           
69.000000           2.136641            27.024274           
70.000000           2.135806            25.688457           
71.000000           2.135175            26.635834           
72.000000           2.134646            25.828108           
73.000000           2.134331            26.155769           
74.000000           2.133279            25.643078           
75.000000           2.133166            25.308081           
76.000000           2.132969            25.622156           
77.000000           2.132108            25.321158           
78.000000           2.131719            25.431813           
79.000000           2.128868            26.399984           
80.000000           2.128666            27.058637           
81.000000           2.127894            27.031167           
82.000000           2.127340            26.099145           
83.000000           2.125600            26.533964           
84.000000           2.125435            27.507181           
84.000000           2.125435            27.507181           
85.000000           2.028383            27.679175           
86.000000           2.028132            27.698468           
87.000000           2.027888            27.483411           
88.000000           2.027195            28.500875           
89.000000           2.027022            28.492411           
90.000000           2.026572            28.478763           
90.000000           2.026572            28.478763           
91.000000           1.950935            28.899153           
91.000000           1.950935            28.899153           
92.000000           1.891739            29.325455           
93.000000           1.890525            28.304266           
94.000000           1.890175            28.218484           
95.000000           1.887612            28.130521           
96.000000           1.886790            28.043604           
96.000000           1.886790            28.043604           
97.000000           1.847135            27.754852           
98.000000           1.846289            28.313218           
99.000000           1.845803            28.843941           
100.000000          1.844824            28.137737           
101.000000          1.843979            28.505809           
102.000000          1.843542            27.685468           
102.000000          1.843542            27.685468           
103.000000          1.810595            29.992013           
104.000000          1.810464            28.964905           
105.000000          1.809065            30.170695           
106.000000          1.808386            30.677163           
107.000000          1.808367            30.559918           
108.000000          1.807816            30.421414           
109.000000          1.807216            32.188232           
109.000000          1.807216            32.188232           
110.000000          1.775077            33.476189           
110.000000          1.775077            33.476189           
111.000000          1.743957            33.995952           
112.000000          1.743361            32.988420           
113.000000          1.742142            33.693640           
113.000000          1.742142            33.693640           
114.000000          1.714455            33.690353           
115.000000          1.714315            34.174596           
116.000000          1.713801            32.328579           
116.000000          1.713801            32.328579           
117.000000          1.693106            32.610462           
118.000000          1.693102            32.262688           
119.000000          1.691853            32.104619           
120.000000          1.691591            31.706647           
121.000000          1.690778            31.708410           
122.000000          1.690310            31.693854           
123.000000          1.690101            31.940523           
124.000000          1.689625            31.629919           
125.000000          1.688817            32.577255           
125.000000          1.688817            32.577255           
126.000000          1.667969            33.484282           
126.000000          1.667969            33.484282           
127.000000          1.657217            35.381713           
128.000000          1.656993            34.633460           
129.000000          1.656623            34.635130           
130.000000          1.656192            34.634601           
131.000000          1.656105            34.775816           
132.000000          1.655942            34.682030           
132.000000          1.655942            34.682030           
133.000000          1.638103            35.396091           
134.000000          1.637932            35.541145           
135.000000          1.636571            35.711525           
136.000000          1.636365            36.454780           
137.000000          1.635491            36.387802           
138.000000          1.635278            36.434895           
139.000000          1.634937            35.046836           
140.000000          1.633060            35.061658           
141.000000          1.632329            33.510715           
141.000000          1.632329            33.510715           
142.000000          1.613481            31.911313           
143.000000          1.612254            31.356735           
144.000000          1.611825            31.415683           
145.000000          1.611354            31.400165           
146.000000          1.610908            31.429604           
147.000000          1.610684            32.017395           
148.000000          1.610120            31.330149           
149.000000          1.609826            30.991911           
150.000000          1.609410            30.655461           
151.000000          1.608923            32.233991           
151.000000          1.608923            32.233991           
152.000000          1.574999            33.506217           
153.000000          1.574946            33.154083           
154.000000          1.573912            33.959710           
155.000000          1.571460            34.168826           
156.000000          1.571367            33.891314           
157.000000          1.570115            33.134215           
157.000000          1.570115            33.134215           
158.000000          1.544302            30.940613           
159.000000          1.543214            31.455062           
160.000000          1.541632            31.429080           
161.000000          1.540622            31.542144           
162.000000          1.539411            31.598614           
163.000000          1.538949            31.305826           
164.000000          1.538488            30.731230           
165.000000          1.537480            30.814682           
166.000000          1.537457            32.654535           
167.000000          1.537113            32.777506           
168.000000          1.536764            32.722246           
169.000000          1.536388            32.697016           
169.000000          1.536388            32.697016           
170.000000          1.512187            33.436995           
171.000000          1.511716            32.187984           
172.000000          1.511210            32.591361           
172.000000          1.511210            32.591361           
173.000000          1.497018            32.310002           
173.000000          1.497018            32.310002           
174.000000          1.485610            32.228111           
174.000000          1.485610            32.228111           
175.000000          1.477753            31.782221           
175.000000          1.477753            31.782221           
176.000000          1.473328            32.235205           
176.000000          1.473328            32.235205           
177.000000          1.470559            31.232051           
178.000000          1.470069            31.351140           
179.000000          1.469495            32.561617           
180.000000          1.468584            32.366338           
180.000000          1.468584            32.366338           
181.000000          1.465637            31.952634           
181.000000          1.465637            31.952634           
182.000000          1.464144            31.931825           
183.000000          1.463901            31.981494           
184.000000          1.462961            31.699663           
185.000000          1.462894            32.565096           
185.000000          1.462894            32.565096           
186.000000          1.459979            32.449957           
186.000000          1.459979            32.449957           
187.000000          1.458383            32.462036           
188.000000          1.458344            32.132746           
188.000000          1.458344            32.132746           
189.000000          1.457104            32.413573           
189.000000          1.457104            32.413573           
190.000000          1.456128            33.836797           
190.000000          1.456128            33.836797           
191.000000          1.454783            34.046541           
192.000000          1.454171            31.227344           
193.000000          1.453774            30.914003           
194.000000          1.451841            31.063482           
195.000000          1.451678            31.086671           
195.000000          1.451678            31.086671           
196.000000          1.443338            30.696687           
197.000000          1.441820            30.816649           
198.000000          1.441198            32.273549           
198.000000          1.441198            32.273549           
199.000000          1.436002            32.415019           
199.000000          1.436002            32.415019           
200.000000          1.430441            30.981497           
201.000000          1.429217            28.902859           
202.000000          1.424208            30.398698           
202.000000          1.424208            30.398698           
203.000000          1.419375            30.685771           
204.000000          1.419068            30.914805           
204.000000          1.419068            30.914805           
205.000000          1.416185            30.976959           
205.000000          1.416185            30.976959           
206.000000          1.414454            31.297303           
207.000000          1.412496            30.983903           
207.000000          1.412496            30.983903           
208.000000          1.408041            28.662688           
208.000000          1.408041            28.662688           
209.000000          1.406909            27.612048           
209.000000          1.406909            27.612048           
210.000000          1.400240            27.288016           
210.000000          1.400240            27.288016           
211.000000          1.399681            27.320784           
211.000000          1.399681            27.320784           
212.000000          1.399232            27.423708           
212.000000          1.399232            27.423708           
213.000000          1.399100            28.584643           
213.000000          1.399100            28.584643           
214.000000          1.398835            28.577178           
215.000000          1.397175            28.121213           
216.000000          1.397022            28.906967           
216.000000          1.397022            28.906967           
216.000000          1.397022            28.906967           
217.000000          1.390731            27.783527           
217.000000          1.390731            27.783527           
218.000000          1.389743            28.327326           
218.000000          1.389743            28.327326           
219.000000          1.388605            28.565245           
219.000000          1.388605            28.565245           
220.000000          1.388492            28.673868           
220.000000          1.388492            28.673868           
220.000000          1.388492            28.673868           
221.000000          1.382702            28.388156           
221.000000          1.382702            28.388156           
222.000000          1.382288            30.156417           
222.000000          1.382288            30.156417           
222.000000          1.382288            30.156417           
223.000000          1.377648            30.057795           
223.000000          1.377648            30.057795           
223.000000          1.377648            30.057795           
224.000000          1.373879            28.992074           
224.000000          1.373879            28.992074           
225.000000          1.373841            26.689217           
225.000000          1.373841            26.689217           
226.000000          1.372444            26.972112           
226.000000          1.372444            26.972112           
226.000000          1.372444            26.972112           
227.000000          1.370099            26.977248           
228.000000          1.369982            27.992825           
229.000000          1.369707            26.186732           
229.000000          1.369707            26.186732           
230.000000          1.369287            25.619333           
230.000000          1.369287            25.619333           
231.000000          1.367539            27.002686           
231.000000          1.367539            27.002686           
231.000000          1.367539            27.002686           
232.000000          1.366350            27.495814           
232.000000          1.366350            27.495814           
232.000000          1.366350            27.495814           
233.000000          1.365015            27.094288           
233.000000          1.365015            27.094288           
233.000000          1.365015            27.094288           
234.000000          1.364276            26.816339           
234.000000          1.364276            26.816339           
234.000000          1.364276            26.816339           
235.000000          1.363338            27.322825           
235.000000          1.363338            27.322825           
236.000000          1.362840            28.785739           
236.000000          1.362840            28.785739           
237.000000          1.362808            27.076647           
237.000000          1.362808            27.076647           
237.000000          1.362808            27.076647           
238.000000          1.362550            26.606854           
238.000000          1.362550            26.606854           
239.000000          1.362164            26.905477           
239.000000          1.362164            26.905477           
239.000000          1.362164            26.905477           
240.000000          1.361961            27.050438           
240.000000          1.361961            27.050438           
241.000000          1.361956            26.838629           
241.000000          1.361956            26.838629           
241.000000          1.361956            26.838629           
242.000000          1.361230            26.205578           
242.000000          1.361230            26.205578           
242.000000          1.361230            26.205578           
243.000000          1.361217            26.118251           
243.000000          1.361217            26.118251           
244.000000          1.359652            27.777788           
244.000000          1.359652            27.777788           
245.000000          1.358099            26.845603           
245.000000          1.358099            26.845603           
246.000000          1.357012            26.351750           
246.000000          1.357012            26.351750           
246.000000          1.357012            26.351750           
247.000000          1.356958            26.379873           
247.000000          1.356958            26.379873           
248.000000          1.356893            26.583394           
248.000000          1.356893            26.583394           
249.000000          1.356759            26.428048           
249.000000          1.356759            26.428048           
250.000000          1.356381            26.479584           
250.000000          1.356381            26.479584           
250.000000          1.356381            26.479584           
251.000000          1.356206            26.449537           
251.000000          1.356206            26.449537           
252.000000          1.356053            27.008123           
252.000000          1.356053            27.008123           
252.000000          1.356053            27.008123           
253.000000          1.354883            26.888900           
253.000000          1.354883            26.888900           
253.000000          1.354883            26.888900           
254.000000          1.351673            29.216779           
254.000000          1.351673            29.216779           
254.000000          1.351673            29.216779           
254.000000          1.351673            29.216779           
255.000000          1.348759            28.297892           
255.000000          1.348759            28.297892           
256.000000          1.347822            28.822282           
256.000000          1.347822            28.822282           
257.000000          1.346328            28.060130           
257.000000          1.346328            28.060130           
258.000000          1.345201            30.465378           
258.000000          1.345201            30.465378           
258.000000          1.345201            30.465378           
258.000000          1.345201            30.465378           
259.000000          1.343794            31.204650           
259.000000          1.343794            31.204650           
259.000000          1.343794            31.204650           
259.000000          1.343794            31.204650           
260.000000          1.343387            31.918912           
260.000000          1.343387            31.918912           
260.000000          1.343387            31.918912           
261.000000          1.342246            32.005959           
261.000000          1.342246            32.005959           
262.000000          1.342017            31.949038           
262.000000          1.342017            31.949038           
263.000000          1.341085            32.107449           
263.000000          1.341085            32.107449           
264.000000          1.340768            33.192001           
264.000000          1.340768            33.192001           
265.000000          1.339956            31.747484           
265.000000          1.339956            31.747484           
265.000000          1.339956            31.747484           
266.000000          1.339100            32.095707           
266.000000          1.339100            32.095707           
267.000000          1.339049            31.110548           
267.000000          1.339049            31.110548           
267.000000          1.339049            31.110548           
268.000000          1.338858            30.967848           
268.000000          1.338858            30.967848           
268.000000          1.338858            30.967848           
269.000000          1.338767            30.820958           
269.000000          1.338767            30.820958           
269.000000          1.338767            30.820958           
270.000000          1.338521            30.664232           
270.000000          1.338521            30.664232           
270.000000          1.338521            30.664232           
270.000000          1.338521            30.664232           
271.000000          1.338157            29.750809           
271.000000          1.338157            29.750809           
271.000000          1.338157            29.750809           
271.000000          1.338157            29.750809           
272.000000          1.337842            30.513549           
272.000000          1.337842            30.513549           
272.000000          1.337842            30.513549           
272.000000          1.337842            30.513549           
273.000000          1.337503            31.042378           
273.000000          1.337503            31.042378           
273.000000          1.337503            31.042378           
273.000000          1.337503            31.042378           
274.000000          1.337147            31.012927           
274.000000          1.337147            31.012927           
274.000000          1.337147            31.012927           
274.000000          1.337147            31.012927           
275.000000          1.337113            29.322154           
275.000000          1.337113            29.322154           
275.000000          1.337113            29.322154           
275.000000          1.337113            29.322154           
276.000000          1.335580            29.845771           
276.000000          1.335580            29.845771           
276.000000          1.335580            29.845771           
276.000000          1.335580            29.845771           
277.000000          1.334204            29.412615           
277.000000          1.334204            29.412615           
277.000000          1.334204            29.412615           
278.000000          1.333366            29.454307           
278.000000          1.333366            29.454307           
278.000000          1.333366            29.454307           
279.000000          1.333105            29.302092           
279.000000          1.333105            29.302092           
279.000000          1.333105            29.302092           
279.000000          1.333105            29.302092           
280.000000          1.333042            30.374176           
280.000000          1.333042            30.374176           
280.000000          1.333042            30.374176           
280.000000          1.333042            30.374176           
281.000000          1.333032            30.215096           
281.000000          1.333032            30.215096           
281.000000          1.333032            30.215096           
281.000000          1.333032            30.215096           
281.000000          1.333032            30.215096           
281.000000          1.333032            30.215096           
281.000000          1.333032            30.215096           
281.000000          1.333032            30.215096           


#1525s 1525320ms 1525320766us 
Initial digital shape size: 7481 pixels.