0.000000            4.555994            
1.000000            4.407664            
2.000000            4.432152            
3.000000            4.681158            
4.000000            4.711198            
5.000000            5.099898            
6.000000            4.620127            
7.000000            6.631551            
8.000000            7.093008            
9.000000            7.347853            
10.000000           7.468328            
11.000000           7.662471            
12.000000           7.614552            
13.000000           7.606483            
14.000000           7.505654            
15.000000           7.505542            
16.000000           7.298981            
17.000000           7.401865            
18.000000           7.285535            
19.000000           7.274966            
20.000000           7.115187            
21.000000           6.946890            
22.000000           6.923722            
23.000000           7.077847            
24.000000           7.071651            
25.000000           6.859585            
26.000000           6.685542            
27.000000           6.551634            
28.000000           6.588590            
29.000000           6.674730            
30.000000           6.495045            
31.000000           6.492733            
32.000000           6.269536            
33.000000           6.083495            
34.000000           6.128484            
35.000000           6.263350            
36.000000           6.169828            
37.000000           5.908799            
38.000000           6.021764            
39.000000           6.097585            
40.000000           5.798458            
41.000000           5.710170            
42.000000           5.702655            
43.000000           5.748108            
44.000000           5.766203            
45.000000           5.652976            
46.000000           5.590783            
47.000000           5.658966            
48.000000           5.655253            
49.000000           5.456352            
50.000000           5.476989            
51.000000           5.517198            
52.000000           5.487730            
53.000000           5.462930            
54.000000           5.637685            
55.000000           5.521343            
56.000000           5.396728            
57.000000           5.337761            
58.000000           5.439083            
59.000000           5.387263            
60.000000           5.351113            
61.000000           5.430614            
62.000000           5.405855            
63.000000           5.311271            
64.000000           5.379296            
65.000000           5.430456            
66.000000           5.397852            
67.000000           5.221282            
68.000000           5.523068            
69.000000           5.376474            
70.000000           5.391376            
71.000000           5.364903            
72.000000           5.505159            
73.000000           5.411963            
74.000000           5.370536            
75.000000           5.420956            
76.000000           5.535674            
77.000000           5.385481            
78.000000           5.497200            
79.000000           5.431925            
80.000000           5.470289            
81.000000           5.444567            
82.000000           5.500161            
83.000000           5.500267            
84.000000           5.390340            
85.000000           5.514097            
86.000000           5.458310            
87.000000           5.488588            
88.000000           5.490809            
89.000000           5.502781            
90.000000           5.467329            
91.000000           5.512821            
92.000000           5.514547            
93.000000           5.401823            
94.000000           5.392969            
95.000000           5.388219            
96.000000           5.446004            
97.000000           5.404740            
98.000000           5.604106            
99.000000           5.693081            
100.000000          5.755749            
101.000000          5.884878            
102.000000          5.873531            
103.000000          6.107338            
104.000000          6.215442            
105.000000          6.135477            
106.000000          6.419752            
107.000000          6.291178            
108.000000          6.332171            
109.000000          6.557111            
110.000000          6.503871            
111.000000          6.526342            
112.000000          6.494309            
113.000000          6.567435            
114.000000          6.254287            
115.000000          6.431561            
116.000000          6.281779            
117.000000          6.403383            
118.000000          6.642927            
119.000000          6.420926            
120.000000          6.425668            
121.000000          6.321371            
122.000000          6.413908            
123.000000          6.460379            
124.000000          6.465151            
125.000000          6.388241            
126.000000          6.210492            
127.000000          6.301670            
128.000000          6.135476            
129.000000          6.204662            
130.000000          6.302336            
131.000000          6.214902            
132.000000          6.291941            
133.000000          6.215996            
134.000000          6.292961            
135.000000          6.216089            
136.000000          6.322389            
137.000000          6.216053            
138.000000          6.322389            
139.000000          6.216053            
140.000000          6.322389            
141.000000          6.216053            
142.000000          6.322389            
143.000000          6.216053            
144.000000          6.322389            
145.000000          6.216053            
146.000000          6.322389            
147.000000          6.216053            
148.000000          6.322389            
149.000000          6.216053            
150.000000          6.322389            
151.000000          6.216053            
152.000000          6.322389            
153.000000          6.216053            
154.000000          6.322389            
155.000000          6.216053            
156.000000          6.322389            
157.000000          6.216053            
158.000000          6.322389            
159.000000          6.216053            
160.000000          6.322389            
161.000000          6.216053            
162.000000          6.322389            
163.000000          6.216053            
164.000000          6.322389            
165.000000          6.216053            
166.000000          6.322389            
167.000000          6.216053            
168.000000          6.322389            
169.000000          6.216053            
170.000000          6.322389            
171.000000          6.216053            
172.000000          6.322389            
173.000000          6.216053            
174.000000          6.322389            
175.000000          6.216053            
176.000000          6.322389            
177.000000          6.216053            
178.000000          6.322389            
179.000000          6.216053            
180.000000          6.322389            
181.000000          6.216053            
182.000000          6.322389            
183.000000          6.216053            
184.000000          6.322389            
185.000000          6.216053            
186.000000          6.322389            
187.000000          6.216053            
188.000000          6.322389            
189.000000          6.216053            
190.000000          6.322389            
191.000000          6.216053            
192.000000          6.322389            
193.000000          6.216053            
194.000000          6.322389            
195.000000          6.216053            
196.000000          6.322389            
197.000000          6.216053            
198.000000          6.322389            
199.000000          6.216053            
200.000000          6.322389            
201.000000          6.216053            
202.000000          6.322389            
203.000000          6.216053            
204.000000          6.322389            
205.000000          6.216053            
206.000000          6.322389            
207.000000          6.216053            
208.000000          6.322389            
209.000000          6.216053            
210.000000          6.322389            
211.000000          6.216053            
212.000000          6.322389            
213.000000          6.216053            
214.000000          6.322389            
215.000000          6.216053            
216.000000          6.322389            
217.000000          6.216053            
218.000000          6.322389            
219.000000          6.216053            
220.000000          6.322389            
221.000000          6.216053            
222.000000          6.322389            
223.000000          6.216053            
224.000000          6.322389            
225.000000          6.216053            
226.000000          6.322389            
227.000000          6.216053            
228.000000          6.322389            
229.000000          6.216053            
230.000000          6.322389            
231.000000          6.216053            
232.000000          6.322389            
233.000000          6.216053            
234.000000          6.322389            
235.000000          6.216053            
236.000000          6.322389            
237.000000          6.216053            
238.000000          6.322389            
239.000000          6.216053            
240.000000          6.322389            
241.000000          6.216053            
242.000000          6.322389            
243.000000          6.216053            
244.000000          6.322389            
245.000000          6.216053            
246.000000          6.322389            
247.000000          6.216053            
248.000000          6.322389            
249.000000          6.216053            
250.000000          6.322389            
251.000000          6.216053            
252.000000          6.322389            
253.000000          6.216053            
254.000000          6.322389            
255.000000          6.216053            
256.000000          6.322389            
257.000000          6.216053            
258.000000          6.322389            
259.000000          6.216053            
260.000000          6.322389            
261.000000          6.216053            
262.000000          6.322389            
263.000000          6.216053            
264.000000          6.322389            
265.000000          6.216053            
266.000000          6.322389            
267.000000          6.216053            
268.000000          6.322389            
269.000000          6.216053            
270.000000          6.322389            
271.000000          6.216053            
272.000000          6.322389            
273.000000          6.216053            
274.000000          6.322389            
275.000000          6.216053            
276.000000          6.322389            
277.000000          6.216053            
278.000000          6.322389            
279.000000          6.216053            
280.000000          6.322389            
281.000000          6.216053            
282.000000          6.322389            
283.000000          6.216053            
284.000000          6.322389            
285.000000          6.216053            
286.000000          6.322389            
287.000000          6.216053            
288.000000          6.322389            
289.000000          6.216053            
290.000000          6.322389            
291.000000          6.216053            
292.000000          6.322389            
293.000000          6.216053            
294.000000          6.322389            
295.000000          6.216053            
296.000000          6.322389            
297.000000          6.216053            
298.000000          6.322389            
299.000000          6.216053            
300.000000          6.322389            
301.000000          6.216053            
302.000000          6.322389            
303.000000          6.216053            
304.000000          6.322389            
305.000000          6.216053            
306.000000          6.322389            
307.000000          6.216053            
308.000000          6.322389            
309.000000          6.216053            
310.000000          6.322389            
311.000000          6.216053            
312.000000          6.322389            
313.000000          6.216053            
314.000000          6.322389            
315.000000          6.216053            
316.000000          6.322389            
317.000000          6.216053            
318.000000          6.322389            
319.000000          6.216053            
320.000000          6.322389            
321.000000          6.216053            
322.000000          6.322389            
323.000000          6.216053            
324.000000          6.322389            
325.000000          6.216053            
326.000000          6.322389            
327.000000          6.216053            
328.000000          6.322389            
329.000000          6.216053            
330.000000          6.322389            
331.000000          6.216053            
332.000000          6.322389            
333.000000          6.216053            
334.000000          6.322389            
335.000000          6.216053            
336.000000          6.322389            
337.000000          6.216053            
338.000000          6.322389            
339.000000          6.216053            
340.000000          6.322389            
341.000000          6.216053            
342.000000          6.322389            
343.000000          6.216053            
344.000000          6.322389            
345.000000          6.216053            
346.000000          6.322389            
347.000000          6.216053            
348.000000          6.322389            
349.000000          6.216053            
350.000000          6.322389            
351.000000          6.216053            
352.000000          6.322389            
353.000000          6.216053            
354.000000          6.322389            
355.000000          6.216053            
356.000000          6.322389            
357.000000          6.216053            
358.000000          6.322389            
359.000000          6.216053            
360.000000          6.322389            
361.000000          6.216053            
362.000000          6.322389            
363.000000          6.216053            
364.000000          6.322389            
365.000000          6.216053            
366.000000          6.322389            
367.000000          6.216053            
368.000000          6.322389            
369.000000          6.216053            
370.000000          6.322389            
371.000000          6.216053            
372.000000          6.322389            
373.000000          6.216053            
374.000000          6.322389            
375.000000          6.216053            
376.000000          6.322389            
377.000000          6.216053            
378.000000          6.322389            
379.000000          6.216053            
380.000000          6.322389            
381.000000          6.216053            
382.000000          6.322389            
383.000000          6.216053            
384.000000          6.322389            
385.000000          6.216053            
386.000000          6.322389            
387.000000          6.216053            
388.000000          6.322389            
389.000000          6.216053            
390.000000          6.322389            
391.000000          6.216053            
392.000000          6.322389            
393.000000          6.216053            
394.000000          6.322389            
395.000000          6.216053            
396.000000          6.322389            
397.000000          6.216053            
398.000000          6.322389            
399.000000          6.216053            
400.000000          6.322389            
#Execution time: 79s 79407ms 79407872us 
