0.000000            9.391953            
1.000000            6.332743            
2.000000            5.643015            
3.000000            5.401742            
4.000000            5.150291            
5.000000            4.809883            
6.000000            4.395676            
7.000000            4.296546            
8.000000            4.067911            
9.000000            3.937772            
10.000000           3.877363            
11.000000           3.580075            
12.000000           3.484702            
13.000000           3.339203            
#Execution time: 1s 1144ms 1144051us 
